9.280228802153431961e-03
2.661914519906322454e-03
6.979777538220305506e-03
8.900007407407407867e-03
7.627585380467344356e-03
1.348820600272851097e-02
1.063221125370187453e-02
7.689381598793362457e-03
1.956617427385892033e-02
1.464837209302325555e-02
8.551041666666665125e-03
1.520683151718356906e-02
4.159891598915988614e-03
3.618572555205047322e-03
2.578930288461538187e-03
5.549603624009059009e-03
4.242965422486833296e-03
7.931964809384163973e-04
2.652531086142321734e-02
1.557135003054367596e-03
4.521233644859812620e-03
7.556448122215148923e-03
5.749809619238476291e-03
4.226059147180192405e-03
2.693582013285640737e-03
1.894874797406807115e-02
1.358990457056755141e-02
5.268567698619917167e-03
3.122632380952380503e-03
2.896687559354225658e-02
1.339897569444444339e-02
4.050122768828906539e-02
3.567394487510766599e-02
4.560039999999999927e-02
4.571383075523203186e-03
1.328521168753726963e-03
5.726466613672495133e-03
6.494811534968209996e-03
2.355407450076804632e-02
4.142100386100385292e-03
4.420808275862069328e-03
4.126409113422485966e-03
2.211361384059796348e-03
6.600354987575434741e-03
4.227060424605334765e-03
3.013365282215122419e-03
3.492925029515938327e-03
4.371189189189188772e-03
1.196746180963572173e-02
2.445897072710103391e-03
2.831961394769614161e-03
6.023587344028519600e-03
6.044515254237287777e-03
2.115936550793115229e-03
4.799562932226832460e-03
3.362078239608801665e-03
1.608277027027027071e-03
1.696117021276595527e-03
4.155410833840534821e-03
2.938719971315883420e-03
4.937765173000566339e-03
4.060374739764052374e-03
2.675342228811465259e-03
3.739063683304647175e-03
3.087630094043886803e-02
4.981051515151515424e-03
3.660421818181817943e-03
2.431166044776118806e-03
4.557094423320659157e-03
4.333722741433020803e-03
5.676151694124960574e-03
4.476258795934323978e-03
4.934256177508824191e-03
7.182947189097102850e-03
5.247622259696459179e-03
7.110882833787465079e-03
3.088343014368694073e-03
6.391998388396453318e-03
8.767691048034934737e-03
1.285703664921465997e-02
1.213461625923820120e-02
7.805122950819670669e-03
1.864857532379004396e-02
2.798478460128322239e-03
2.681245186136071296e-02
8.778598639455782032e-03
2.953156613470381449e-03
5.609231503579952156e-03
9.018560311284045533e-03
2.400551290997906227e-03
7.143521986970683031e-03
5.464494598765431629e-03
9.049611758180808874e-03
1.388964996022274898e-02
1.147754272245138374e-02
3.419002920317062988e-03
6.103803210048847766e-03
2.625759974667510842e-03
2.788288492189990378e-02
1.364925887624956731e-03
2.367593650793650608e-03
9.545043103448275570e-03
5.349086229086228578e-03
4.473958240781874575e-03
4.386311962987441901e-03
1.279540134645261451e-02
1.151026080743122564e-02
5.272036874451272587e-03
2.097318424890617233e-02
5.493964968152865655e-03
3.679867482161060070e-03
2.644819672131147690e-03
4.573328050713153931e-03
2.254666186359269818e-03
1.905344311377245390e-03
6.086798485485906719e-03
1.906906077348066199e-03
4.245823195458232197e-03
6.686728855721392473e-03
1.241645746164574560e-03
2.450537332083723395e-03
2.578766252528170815e-03
1.981751336898395811e-03
5.782421005785491272e-03
1.304135785007071863e-02
3.798851706036745352e-03
4.028254625793979346e-03
5.855377461706782333e-03
1.161740128558310346e-03
3.724922227797290014e-03
1.811966374269005468e-03
6.912619289340100545e-03
3.620053475935828755e-03
3.808402863490495914e-03
2.435234204793028118e-03
5.649232576350822661e-03
3.952790871679760787e-03
2.929747494989979467e-03
4.812970338983051447e-03
1.457026732133115138e-03
3.889202988792029615e-03
3.614326465927099157e-03
3.965195145949491559e-03
4.293733333333333256e-03
1.748549810844892815e-03
4.214306487695749365e-03
4.909656344410875776e-03
4.544970521541949124e-03
6.081113213497318752e-03
2.017594973699590732e-03
1.387657192075796714e-03
1.248019607843137320e-03
1.817190155288602284e-03
2.536407380607814434e-03
3.971277173913042441e-03
3.248448275862068566e-03
1.248550570062522888e-02
7.078776284039985274e-03
4.135264797507787714e-03
3.602381411028171988e-03
6.689134092033646554e-03
5.249046153846153098e-03
7.049165439371624618e-03
3.410940227356068499e-02
5.262346020761245191e-02
1.234188811188811213e-02
9.513698206555348466e-03
7.749233668341707834e-03
3.408991336633662890e-03
4.936489501312335895e-03
2.178980403294518507e-03
2.734547640516981834e-03
2.151584821428571218e-03
3.849527938342966853e-03
1.317691176470588317e-03
1.420529967727062956e-02
2.515815840309078635e-02
6.454485544217685930e-03
3.276778861277130934e-03
1.933195242001640481e-03
1.779735547355473400e-03
5.072952149229521465e-03
7.320661664392904416e-03
2.017228116710875156e-03
1.058020123839009154e-02
5.628422712933752944e-03
7.928537234042552090e-03
3.376832618025750986e-03
3.553793103448275523e-03
1.126454359673024347e-02
7.428547770700637612e-03
2.406768115942028649e-03
3.617122557726465230e-03
6.272710187932739601e-03
3.202529224229542885e-03
1.616475409836065505e-03
8.192373806275578610e-03
6.113249400479616770e-04
6.276093749999999555e-03
2.198961389961389887e-02
3.481197301854974287e-03
3.361271559012512372e-03
1.927859756097560946e-03
5.645222251796646121e-03
3.106370667430535543e-03
4.797589641434263016e-03
2.493180661577608023e-03
4.499489891135303316e-03
6.291726551563229207e-03
4.989562557356989891e-03
9.490152695543782688e-04
2.917245450073782231e-03
2.990257839721254841e-03
1.038487976782752863e-02
1.105615488518685297e-02
3.419776774969915389e-02
9.422972301136364054e-03
4.820703976435934679e-02
3.071632653061224377e-02
4.133211102719032415e-02
5.622105875509016484e-04
1.656066892464013590e-03
7.346134477033756938e-03
1.031763495145630871e-02
2.302158989598811212e-02
2.084116032210834094e-02
5.063790322580643925e-03
1.044234949832775761e-02
5.183824899099657643e-03
5.171637347767252257e-03
9.197827733080927992e-03
1.105217647058823541e-02
1.124393001345894844e-02
4.533277202072538009e-03
1.740893501805053974e-03
1.711514820592823644e-02
1.318783747178329385e-02
2.609342403628117646e-03
2.130897521768251521e-03
7.348517374517374301e-03
1.945758556891766938e-02
4.472191909689558417e-03
8.106779661016947497e-03
1.303168749999999813e-02
2.745734416154521282e-02
1.530566378337720919e-02
2.564613458528951229e-02
2.252250968992247984e-02
9.634568764568763807e-03
2.437486200551977622e-02
1.297651239669421475e-02
2.037630896226414953e-02
1.298734002509410040e-02
1.535625964010282549e-02
2.463175961538461439e-02
7.960038503850384167e-03
1.059940886699507409e-02
1.342516312594840486e-02
4.525052243392746823e-03
4.730948999354421709e-03
5.317405999155048503e-03
7.227368421052631636e-03
7.749103448275861984e-03
4.590636254501800212e-03
5.031927966101694578e-03
9.447649307214523590e-03
1.400739947552447420e-02
1.805365553602811951e-02
1.153474976392823356e-02
1.311247399702823030e-02
1.206366427840327438e-02
1.682444227959084201e-02
2.997650701499757556e-02
2.014097109826589599e-02
2.100838323353293458e-02
7.311198102016606623e-03
1.102763691683569802e-02
5.128739130434782113e-03
5.686910828025476192e-03
3.300067340067340017e-03
9.002174418604649148e-03
8.490918660287080297e-03
3.715882352941175630e-03
8.340787545787545915e-03
2.180966090850927804e-03
2.586838624338623927e-03
2.642130833970925217e-03
4.153833739342265366e-03
5.770990338164250222e-03
4.696834916864607232e-03
2.288258184064237422e-03
1.071606924643584563e-02
5.603000864802536347e-03
5.975547902316843962e-03
3.330543318649045563e-03
5.061111111111109978e-03
8.822033195020747773e-03
3.186795031055900118e-03
3.934543610547666659e-03
4.432107788851974428e-03
9.268847761194028145e-03
3.934463397299217853e-03
6.833235154394298565e-03
1.842157181571815738e-02
2.819439024390243704e-03
4.220183887915936703e-03
2.739394703656998584e-03
4.026484131922837550e-03
3.290618729096989742e-03
8.095961123110151023e-03
7.750284738041001223e-03
2.801375245579568012e-03
3.414046749452154424e-03
7.263633909287255976e-03
1.408807397959183604e-03
2.635627586206896154e-03
1.748066971080669378e-03
1.498651960784313586e-03
2.051305555555555347e-03
4.465573518090838051e-03
5.331486486486485508e-03
3.607392265193370366e-03
1.915714285714285349e-03
2.561115384615384339e-03
1.257325599381283604e-02
2.609182692307691898e-03
5.525694760820045251e-03
4.030055350553504896e-03
1.681166469194312826e-02
1.533252976190475902e-02
7.527107364685004312e-03
9.629146141215107202e-03
1.210122291021671626e-02
1.947316756756756542e-02
1.216701676528599355e-02
8.508890086206895645e-03
2.715898778359510969e-03
3.405490566037735947e-03
1.026868073878627920e-02
5.045600328947368388e-03
3.339303534303534205e-03
6.346757123473540166e-03
2.364047457627118688e-03
1.078447368421052606e-02
2.565831062670299260e-03
3.365085714285714208e-03
4.560801980198019717e-03
7.537479861910240803e-03
1.020991625959525445e-02
5.749515539305301119e-03
2.778556235900740950e-03
2.516800699300699405e-03
1.046645418326693075e-03
3.483321647677475614e-03
2.770894621295279855e-03
4.531565217391303295e-03
1.078666666666666576e-03
2.417486737400530335e-03
1.052997076023391753e-03
4.954812775330396518e-03
5.478977659977280618e-03
6.905318379160635747e-03
3.391212121212121289e-03
3.541736662883087153e-03
1.909887240356082996e-03
2.422740560292326040e-03
2.853016528925619334e-03
6.706870719178081863e-03
5.979557713052858006e-03
8.680113250283123805e-03
3.187623089983022007e-03
7.940592078399345832e-03
5.939976076555024062e-03
4.856194563662374897e-03
1.871927512355848078e-03
5.702581699346405408e-03
1.104732510288065689e-03
3.291509971509971183e-03
2.137670623145400232e-03
2.998313069908814694e-03
4.149821958456973228e-03
2.627788624787775161e-03
1.329521276595744574e-02
2.163228395061728235e-03
3.656168263223655984e-03
1.856499296270231955e-02
1.538735332464145900e-02
5.233666121112929247e-03
2.064194225721784678e-03
2.519533475783475134e-03
4.676127946127945495e-03
2.975942196531791359e-03
9.462346368715082723e-03
3.654214950465325615e-03
8.555038834951456117e-03
1.737463106113843695e-03
2.915535506402793312e-03
1.440500139703827657e-03
6.561198589894241817e-03
2.550949956101843802e-02
6.237056421677801554e-03
3.168647994467496329e-03
4.503209714473251600e-03
1.182873935954600799e-03
2.394138219895287564e-02
5.209863588667365195e-03
1.578597773138482735e-02
7.708107462686566644e-03
1.595772435897435670e-02
1.372732729871367283e-02
4.385172872340425271e-03
3.074465261514441796e-03
1.024030159668834830e-02
4.922539956803455123e-03
6.949419540229884347e-03
1.879289215686274312e-03
3.694843863471314153e-03
4.411464699683877166e-03
2.062120845921450261e-03
1.323792502179598971e-03
3.831445515196442095e-03
7.537356076759061177e-03
7.866868085106382830e-03
9.772414937759335563e-03
9.073716216216215838e-03
1.164190965092402191e-02
5.006495726495726120e-03
2.855132075471698144e-03
2.335702970297029619e-03
3.810322580645160960e-03
2.855370682392585884e-03
2.841407506702412454e-03
5.796979865771812596e-03
3.504968474148801617e-03
6.129200000000000446e-03
8.200398104265401236e-03
3.925774504824784336e-03
8.531161087866109133e-03
1.247019495412843987e-02
3.232632850241545612e-03
3.222949907235620956e-03
8.845831775700934221e-03
5.567554517133956049e-03
3.635872170439413947e-03
6.786725190839694270e-03
9.467719546742208239e-03
1.770305641661500118e-02
8.208129602356405846e-03
5.661744627054361365e-03
4.267233684210525527e-03
1.604681331747918882e-02
8.336530612244897123e-03
1.141887688151292830e-02
6.150368098159508107e-03
1.461937401367701013e-02
2.419427083333333325e-02
4.477327313769751196e-03
1.257535962877030095e-02
5.191874999999999442e-03
1.249320867959372028e-02
8.702802826379541987e-03
5.446307934014139526e-03
1.738947368421052408e-02
3.094727831431079608e-03
3.197421316165950829e-03
9.515055020632736532e-03
3.583809725158562838e-03
4.751200428724544275e-03
1.409959049959050043e-03
2.244627831715209632e-03
2.565197426147996194e-03
3.414931583356603864e-03
8.768710714285712915e-03
3.818005409060175673e-03
2.812285714285714215e-03
3.343902045209902821e-03
7.960675078864352938e-03
1.317947791164658482e-02
4.618029032258063465e-03
2.982239747634069481e-03
5.226125723303524581e-03
2.400453257790368354e-03
3.397373786407766570e-03
1.388522571819425250e-03
2.752457212713936129e-03
4.654838976052847604e-03
3.921710056151097787e-03
2.059549180327868885e-03
7.060812141099261259e-03
6.189170383586083818e-03
2.663721207307386506e-03
4.724558941459502601e-03
1.201408843319448638e-02
1.259502154458070830e-02
1.033849537037036942e-02
4.425765432098764662e-03
1.671148514851485134e-02
2.845484896661367238e-03
4.989400826446280940e-03
4.141049099258211838e-03
8.913534122562672551e-03
2.337432038834951278e-03
1.909425173439048030e-03
1.025515934539190238e-02
1.299340630472854349e-02
1.241790067720090207e-02
2.648605287146763888e-03
2.292995433789954407e-02
7.966186742694225664e-03
4.796337423312882486e-03
2.087164750957853920e-03
1.892776230269266205e-03
4.194626760563379547e-03
3.907967105263157603e-03
5.359909198578760581e-03
4.090129449838187173e-03
3.273373684210525991e-02
4.409386847195357478e-02
1.795071695760598260e-02
2.690178571428570795e-03
3.726339982653946014e-03
2.570720511605873934e-02
2.861758241758241561e-02
1.774865958523014686e-03
1.925993848519799972e-03
1.789901853871319563e-03
1.594782426778242621e-03
6.630266351989211326e-03
1.293408521303257954e-03
2.993238384955751799e-03
3.113751119068934505e-03
1.444911042944785166e-02
9.198550808314087321e-03
5.472719583604424357e-03
4.199816849816849149e-03
2.166794682422451979e-03
1.459066091954022704e-03
6.178715919085310884e-03
1.997967064168086442e-03
8.196934335443037400e-03
1.004156133828996251e-03
5.867538148524923530e-03
9.140404150737300656e-03
1.231814580031695763e-03
6.537454663212434458e-03
2.378051235132662422e-03
2.923789954337899493e-03
6.885665171898355807e-03
9.871781990521327765e-03
4.113432271991365394e-03
4.128203152364272668e-03
3.572343291689299150e-02
1.127636815920397871e-03
3.919035440263061651e-03
4.625929903900508240e-03
3.401180793728563953e-03
8.599134349030472524e-03
5.873694418164616265e-03
6.283298800436204826e-03
1.203960165975103552e-02
5.273338171262699145e-03
1.059179324894514614e-02
3.831429595127193964e-03
5.773620044876588697e-03
2.973182527301092108e-03
8.090885997521684095e-03
3.189906279287722454e-03
4.793629536921150541e-03
4.870509956289461109e-03
2.173844236760124390e-03
4.696958255783035587e-03
6.599845013477088386e-03
6.268178792201616056e-03
7.723502645502644537e-03
1.599441037735848878e-02
8.239192092823376806e-03
6.566466395112015991e-03
4.758351701006228833e-03
6.164467403958089932e-03
5.188080888183980652e-03
9.606614173228346246e-04
4.005083418454204874e-03
3.244420510419105015e-03
4.380424328147100588e-03
1.869313335742681537e-03
3.292683737944794922e-03
4.724760033679483405e-03
2.260438561833267440e-03
5.685753871230644040e-03
2.765428914217156302e-03
2.130348578491965059e-03
4.372018943170487976e-03
3.070078086871644383e-03
6.021103448275862483e-03
8.764526096033401631e-03
1.221752203475194934e-02
5.080850417615793112e-03
8.102424242424240836e-03
4.173103770645060842e-03
4.666236371565633985e-03
6.269639734172787263e-03
3.638773853024766369e-03
2.161651685393258318e-02
3.285894230769230255e-03
5.451392199349945622e-03
7.028879641485275519e-03
3.023423200593618448e-03
4.052607057211373397e-03
2.299999999999999961e-03
2.416287878787878873e-03
5.054624659665499058e-03
2.009023034154090552e-03
3.072028081123244492e-03
5.765029425079221462e-03
4.735883322346736736e-03
5.139030963302751963e-03
5.036631299734747186e-03
3.707401801801801094e-03
7.833121808898613203e-03
2.085927579365079356e-03
3.270633023461708491e-03
4.473943181818181361e-03
5.759911642411642482e-03
4.665365585486531096e-03
5.452748829953197630e-03
2.808709677419354497e-03
2.183930712858094328e-03
4.484872186188477820e-03
3.174519774011299277e-03
6.482031872509959325e-03
5.772941680960548549e-03
2.543941018766755595e-03
5.265363520408163078e-03
7.980783664459161278e-03
5.136039697542532645e-03
3.546688610928242121e-03
2.707166730207141714e-03
6.894140594824255813e-03
2.200723036271919411e-03
3.611455467052859889e-03
3.917598405580468082e-03
1.916469002695417529e-03
4.987275735294117475e-03
1.851276794035414466e-03
2.114127659574467893e-03
3.008562211981567064e-03
1.092987302676732934e-02
5.587908731584620078e-03
3.823368421052630861e-03
8.564448590381424850e-03
1.855820825515947479e-03
6.284231974921629035e-03
7.066025215660251893e-03
4.739013199245757299e-03
6.101032278683284939e-03
4.291273938384678951e-03
6.799852297592997447e-03
2.785502336448598178e-03
4.957358490566037695e-03
3.529954510993176670e-03
4.107177559282821494e-03
4.544269662921348110e-03
1.060775401069518828e-02
2.717416679705836162e-03
9.835343968095711965e-04
1.794325371207230145e-03
9.551626229508195995e-03
2.501660558218212274e-03
5.130544927536230884e-03
3.593713248638838367e-03
1.567518148342977174e-02
1.274288854003139543e-02
4.832854651162789630e-03
1.901348561759728939e-02
3.818193979933110025e-03
5.286071032186459920e-03
5.214843260188087477e-03
4.724921052631578765e-03
3.382355507088331478e-03
9.607655099894845535e-03
8.813069883527454088e-03
7.740743145743146300e-03
6.443441636582430271e-03
5.920687611144042489e-03
2.474164746543778236e-03
2.105584768812329959e-03
2.445934664246823646e-03
3.373433150569380215e-03
2.720123555201275217e-03
3.998889952153110092e-03
4.953530364372469089e-03
4.756147592245152725e-03
1.330984393757503065e-03
6.661238244514105893e-03
3.182352269483299662e-03
1.516392857142857126e-02
1.981533468559837710e-02
1.929501661129567891e-02
1.085997883597883580e-02
5.068374429223744711e-03
1.176355322338830563e-02
1.160185950413222984e-02
6.785899280575539115e-03
1.155187723480333682e-02
9.987784431137724031e-03
4.499199999999999207e-03
6.589999999999999504e-03
6.709341906202722847e-03
3.884459999999999736e-03
4.454288840262581560e-03
4.323243787777031159e-03
6.622904564315352030e-03
2.005471698113207423e-03
1.078640928725702053e-02
5.132385844748857395e-03
6.551672727272726121e-03
3.644384295062462389e-03
2.824273789649415275e-03
3.714687500000000107e-03
2.767683465959327929e-03
3.217914826498422757e-03
9.496402740768936784e-03
6.207844187963725870e-03
5.194600313479623942e-03
1.459165333333333099e-02
1.049964611455673005e-02
7.362280219780219757e-03
4.189077551020407505e-03
4.310169765561843065e-03
7.433917808219177303e-03
1.312823811809889565e-02
5.353635235732009251e-03
9.047010638297872318e-03
4.167950651130911469e-03
1.869821251241310768e-03
5.306727272727271988e-03
4.302180560611576325e-03
6.919346650020807843e-03
5.324170761670761649e-03
8.849682224428997296e-03
3.238363384188626837e-03
4.023044794188861129e-02
1.260162926018287485e-02
6.643086862885857688e-03
1.039260479041916041e-02
9.673288100208767004e-03
8.782588463402810075e-03
9.569265306122448980e-03
1.541681818181818084e-02
7.152869333333332358e-03
2.011299589603283110e-03
3.115396641574985290e-03
5.212803960396038966e-03
2.998909883720929891e-03
5.833237951807228316e-03
6.921071672354947753e-03
4.951595400646782719e-03
4.860119521912350561e-03
6.009934711643089705e-03
2.570855692530819078e-03
7.441285046728971127e-03
2.709411092052600896e-03
1.003599700149925000e-02
3.380460662525879706e-03
8.685502958579881597e-03
2.576654734786853161e-03
6.468961892247042378e-03
3.366739393939393796e-03
1.985386420787929596e-02
1.794255910165484455e-02
7.576395696353855312e-03
6.423953750705018589e-03
1.003737819025521741e-02
6.150060753341433234e-03
1.172821811100292072e-02
2.052661737523104983e-03
6.724425645592162215e-03
4.731520603598374751e-03
3.406343201754385812e-03
3.944279561472200518e-03
5.406208450704224830e-03
3.313899480069324062e-03
5.674386666666666329e-03
4.629363636363636320e-03
4.360660991487230569e-03
5.611946597760550728e-03
2.114654215042907626e-03
6.084445210199861814e-03
7.231247002398081408e-03
8.815042735042733640e-03
6.289945945945944750e-03
1.342589949324323947e-02
1.713629499217527580e-02
1.508774133083411358e-02
1.421723172628304790e-02
1.317021008403361157e-02
1.872542506573181276e-02
1.864291139240506490e-02
1.633696839850026436e-02
1.881577195467422012e-02
3.161936056838365785e-03
1.158615074566706794e-02
6.786788203753350325e-03
2.335802047781570037e-03
5.420737527114966384e-03
8.060615034168563953e-03
2.725730088495575010e-03
4.571194570135745684e-03
5.151890109890109280e-03
7.457317290552585229e-03
1.891545307443365589e-03
4.247553290083410683e-03
5.705024390243901809e-03
1.204751231527093590e-02
5.771023744647722081e-03
5.283455964325528553e-03
5.488870822041553611e-03
4.244528776978416518e-03
5.846650246305418012e-03
5.046497584541061870e-03
7.681474926253685498e-03
3.877037457434733166e-03
7.507827084927313349e-03
2.940599700149924486e-03
3.849524663677129747e-03
2.089785670545009095e-03
1.001087820744488545e-03
1.262170176192522553e-03
5.709935400516795261e-03
5.564622292657157160e-03
5.538061224489795181e-03
3.129395604395604404e-03
3.467314606741572769e-03
2.812769444444444041e-03
3.832879213483145631e-03
3.447773870705977267e-03
5.074925690021230354e-03
4.610964954392702403e-03
3.377438370846730462e-03
5.087839628893306605e-03
8.310834411384217940e-03
1.201066138798323121e-02
2.794168307086614036e-03
9.438330419580419003e-03
1.327755879967558797e-02
3.915223738495715762e-03
7.077091531223268263e-03
3.666988602279543877e-03
1.300713893249607483e-02
5.805273477812176661e-03
4.205258358662613410e-03
4.387762664165103035e-03
3.989593749999999217e-03
5.926463582226293957e-03
5.759029345372460376e-03
4.647821265492497675e-03
5.183442437923249657e-03
1.819275929549901867e-03
3.733222060957910177e-03
4.266270063694266833e-03
3.011096452653180561e-03
5.999425933360095012e-03
2.285384615384614907e-03
3.280706793206793204e-03
7.654176498348277740e-04
1.832832792207791939e-03
1.085682119205298116e-03
3.937769002961499787e-03
6.712421673424253526e-03
4.271621651056414261e-03
2.283431516936671249e-03
2.409348345274649975e-03
6.527718040621266829e-03
3.597503736920777163e-03
2.853024169184289853e-03
2.134676656151419504e-03
4.167833526682133798e-03
3.911231300345223774e-03
2.182784189267166289e-03
2.437063583815029036e-03
5.411933720532968208e-03
2.756802284710017752e-03
3.860480132450330552e-03
4.203291139240505903e-03
6.841726272352131530e-03
2.822092386930629034e-03
4.283626943005181334e-03
3.207913779830638603e-03
4.314103053435114528e-03
4.713291592128801381e-03
3.199594943981614280e-03
6.331618416463201393e-03
4.003824701195218654e-03
7.050622119815667249e-03
6.816968472109942792e-03
5.450102000000000071e-03
2.947824199674443577e-03
2.626829467939972157e-03
3.610620458135860994e-02
4.033217880402605038e-02
3.028441362530413100e-02
2.777550991994430507e-02
4.687967092337917696e-02
2.662243120863810181e-03
4.852933673469387601e-04
2.569580390527627725e-03
1.455874555447785219e-03
3.416678646301287911e-03
6.573775406504064368e-03
1.955186460126219061e-03
4.029721780604133413e-03
1.783366403162055247e-02
1.092420738974970128e-02
1.924943866943866835e-02
3.224601554907677217e-03
1.544948356807511469e-02
2.606393813655224177e-03
8.230302287581698142e-03
2.752423439340399933e-03
2.478005862032868836e-03
1.868927000879507449e-03
6.081786616161616137e-03
4.882433397418291243e-03
4.204478383458646121e-03
4.749674202127658965e-03
3.715877239199156384e-03
5.313201653651814134e-03
4.057244094488188756e-03
2.806996475327290953e-03
4.343368606701938917e-03
4.424462072384729820e-03
7.317823426573425230e-03
3.394751111111110435e-03
2.987112223016440051e-03
4.151331967213114579e-03
6.215820689655171885e-03
8.352765078490772752e-03
7.345201638990725770e-03
2.380252852987244875e-03
4.021069857697283367e-03
4.632478755236384485e-03
1.071508731082654146e-02
9.488470085470084719e-03
5.100880648899188199e-03
5.718885135135134794e-03
3.239087393658159324e-03
6.957973824527387014e-04
3.358862876254180112e-03
3.638656914893617124e-03
1.016926598837209275e-02
3.697788824134384464e-03
2.009266802443991466e-03
3.983955542021923833e-03
1.160371986970683972e-02
2.252838339520755757e-03
1.855450688192072581e-03
2.079921512665001797e-03
1.101923770184002824e-02
8.212099827882960584e-03
6.776182859399683747e-03
1.771221198156681942e-03
8.155478011472275246e-03
1.353011544011543943e-02
5.201673964297742758e-03
9.639215565163679333e-03
1.059934941835415784e-02
9.784641893294580839e-03
1.445929214929214668e-02
6.149135171944160316e-03
1.013195789473684064e-02
9.128077077478922649e-03
1.287316432775011121e-02
1.859901196278245308e-02
1.053149188240456308e-02
7.024976152623210561e-03
7.317079903147698759e-03
1.036617647058823283e-02
1.653288990825687796e-02
5.706682464454975595e-03
1.146670387779083478e-02
4.431221042471042253e-03
1.510913211186113575e-02
4.685359543010752734e-03
1.440701945080091230e-02
1.476115934065933694e-02
7.257362728785358291e-03
8.648371182458886725e-03
2.642881381381381040e-02
1.070469759734879803e-02
7.972881751824817051e-03
1.671175397973950760e-02
1.191217566885411326e-02
2.363452066842568200e-03
1.178322608695652092e-02
1.342616417910447689e-02
7.639774159663865680e-03
2.197213606803401307e-03
9.464306358381503097e-04
8.674170854271356923e-03
2.696956636005256105e-02
2.416643643643643508e-02
3.913191489361701227e-03
2.738570478723403867e-03
4.008031496062991472e-03
1.055026156941649834e-02
6.847715736040608549e-03
1.200265185185185254e-02
2.146268343815513607e-03
3.444073415765069174e-02
6.486860564585115313e-03
3.411691413815364903e-03
9.884097796143249959e-03
1.638078431372548853e-03
2.650206486486485907e-02
6.212388059701492125e-03
1.253024336283185824e-02
2.394947315096251222e-02
2.474561137440758202e-02
1.643491484184914780e-02
6.166390374331550892e-03
6.709050772626930573e-03
9.528080985915492879e-03
2.007310120705663864e-02
1.424597238204833131e-02
3.748186195826644970e-03
5.542190812720847008e-03
6.397710084033612563e-03
1.903528702363723943e-02
1.393660205245153896e-03
3.783314917127071630e-03
2.374475889781859847e-02
1.049946283572766870e-02
1.146684462151394135e-02
4.248887790410281300e-03
2.047898686679174279e-03
2.390567375886524376e-02
2.125619819819819789e-02
9.035397784491439391e-03
2.556497326203208131e-03
4.983183391003460048e-03
2.478047377326565021e-02
2.173085443037974310e-02
3.313313995649020717e-03
2.812951327433628468e-02
2.960354838709677167e-02
1.221339285714285669e-02
7.767940074906366787e-03
1.606953781512605005e-03
8.496404786680539223e-03
1.165612771739130485e-02
1.266522616562282440e-02
1.265395894428152437e-02
1.078073264781490882e-02
4.477753953363709273e-03
3.309819976771196347e-03
1.151253478523895854e-02
2.536505730659025307e-02
4.228274839347502707e-03
3.387578692493946331e-03
5.236681184668988409e-03
4.374895678092399244e-03
1.438913768461172081e-03
4.139301858362631585e-03
5.431947743467932521e-03
2.284067415730337176e-03
4.449572836801752619e-03
2.708175018698578875e-03
6.446987012987012017e-03
6.044891172914146696e-03
3.748277945619334951e-03
4.661530303030302774e-03
4.571294219154442909e-03
4.369252747252746344e-03
2.510818521983161720e-03
4.182081243731193033e-03
7.444482109227870334e-03
6.711122088920253893e-03
3.829472459270752069e-03
1.091417811704834678e-02
5.773444022770397518e-03
2.447944693572495951e-03
4.203294201351831690e-03
5.410965189873417555e-03
6.093550990462215378e-03
3.578032200357781668e-03
5.233193135935396319e-03
4.524594594594593885e-03
3.336700549450549030e-03
2.345183246073298273e-03
4.124304613297149688e-03
4.437253983130272014e-03
4.500607271274470120e-03
9.421098712446351192e-03
4.864165316045380993e-03
8.061487481590575137e-04
7.145360983102917556e-03
9.360000000000000264e-03
7.164619625137817055e-03
2.323241106719367479e-03
1.659662045060658446e-03
7.777629914764915171e-03
4.475605427974947703e-03
4.340319018404908274e-03
5.399269202087993852e-03
3.566469523234761137e-03
4.022894736842104642e-03
7.464331896551723751e-03
6.136626506024095949e-03
3.383951367781154549e-03
5.015195167286245689e-03
2.427728997289972917e-03
5.065829346092503606e-03
8.069642126789365599e-03
6.489482564679414749e-03
5.085267349260522499e-03
2.725748265609514043e-03
3.915894909688012911e-03
1.690581632653061260e-03
4.802746538570216300e-03
4.986926159129936691e-03
3.074359267734553310e-03
7.039617192746809582e-03
1.877897484575225331e-03
8.336695226438189249e-03
2.265690515806988159e-03
5.459490950226244046e-03
5.120320427236314288e-03
1.116681109185441861e-02
4.590816170861936746e-03
8.974622406639003527e-03
2.500594170403587155e-03
5.455875251509053822e-03
2.651493001555209512e-03
4.736315028901733927e-03
6.587055730809673708e-03
3.062533733133433397e-03
1.825379377431906279e-03
2.436773612112472405e-03
9.665635999999998285e-03
3.270990206746463361e-03
4.328112676056337926e-03
3.704100746268656347e-03
4.106593911545088939e-03
4.860072115384615060e-03
1.137585114806017325e-03
5.464787096774193290e-03
4.837630845462991165e-03
4.020684615384614857e-03
1.090631663974151941e-02
3.866518518518518265e-03
4.287549488054607019e-03
7.215195702225632446e-03
2.270810419681620895e-03
1.601666666666666603e-03
4.262722007722007100e-03
9.651694915254237575e-03
3.367401646843549545e-03
5.395793437331898416e-03
4.936152368758002507e-03
6.942295746117488342e-03
7.304378727634194476e-03
7.896986062717770150e-03
5.371264181523500818e-03
4.778210445468509919e-03
8.033675819309122820e-03
9.589757009345794073e-03
6.265558269364968763e-03
1.153680901542111434e-02
1.195122481442205571e-02
1.102568601583113310e-02
1.172079105291871232e-02
8.485653071760452734e-03
1.160404715127701276e-02
1.057492682926829131e-02
1.069044485634846990e-02
1.529682563338300924e-02
1.194222421524663603e-02
1.310491655969191205e-02
9.831302325581395274e-03
1.446491641337385899e-02
1.452833440514469249e-02
9.613109540636042769e-03
1.080741198858230223e-02
4.015721357850070630e-03
7.550414143860498251e-03
1.088920625724217744e-02
1.293585477178423211e-02
1.890766633565044846e-02
1.110861486486486305e-02
9.355468074891981969e-03
1.264033499643620745e-02
1.096135462555065943e-02
8.853588827541409439e-03
1.369035810205908657e-02
8.945080213903743027e-03
5.294467977811396706e-03
6.659930417495029537e-03
1.451318980169971629e-02
4.190763983628921496e-03
1.296902862985685120e-02
7.879069670421359750e-03
7.865161001788908285e-03
7.817139067828722532e-03
6.766489046773238591e-03
9.340129262926290948e-03
7.254157894736840834e-03
9.555821138211382376e-03
8.713461372464391397e-03
7.601681286549706595e-03
5.639237320944637255e-03
7.015684695051782951e-03
9.829564555420219202e-03
1.261056877539175683e-02
4.831820748059280010e-03
1.232876206700738234e-02
8.272831050228308947e-03
1.400139565795303388e-02
1.264303835928598518e-02
1.001688115942028778e-02
6.487856128726927733e-03
7.181745152354569728e-03
8.124422292705029552e-03
9.589107029765673793e-03
4.671026378896882617e-03
5.645330769230768979e-03
9.794327569644571338e-03
1.265151162790697711e-02
9.003106796116502886e-03
4.646670235546037850e-03
8.969495677233428263e-03
8.409493333333333681e-03
8.175708812260535155e-03
4.935498602050326228e-03
6.397953321364452037e-03
8.339753466872110513e-03
8.272897085068411926e-03
3.995529010238907212e-03
1.016639947437581945e-02
9.762104874446085601e-03
3.757051630434782470e-03
5.086815578465062049e-03
5.996643478260868694e-03
3.747204116638079043e-03
3.136195372750642460e-03
2.465457685664939648e-03
4.005416248746238375e-03
7.995408163265305210e-04
2.473104643104642730e-03
1.039491367242183911e-02
7.029627279936558407e-03
3.254223930802498544e-03
4.584389763779526950e-03
4.690100502512561942e-03
8.916391921397379475e-03
7.143090671316477611e-03
3.717696289905090320e-03
6.014977272727272534e-03
3.323438751000800349e-03
9.280764925373132662e-03
5.863199381761978295e-03
3.180808534531161767e-03
1.688035581912527769e-03
3.839008908685968141e-03
4.173017049666418767e-03
6.527830950901180804e-03
4.965529290853031540e-03
2.705629357798164554e-03
8.309750584567419940e-03
8.449725220804709530e-03
3.252759358288770213e-03
4.044999999999999984e-03
1.272807187284035954e-02
2.166957255343081659e-02
2.633230481533426273e-03
1.875480529595015267e-02
4.480944087992666698e-03
4.389054373522458495e-03
9.180247218788626859e-03
4.470264097073519197e-03
1.117444285714285640e-02
1.259862410566868485e-02
5.088245614035087454e-03
2.235727047146401913e-02
8.657997076023391317e-03
1.809204745762711675e-02
4.507581433224755636e-03
4.817915993537964445e-03
7.016943784639745850e-03
4.865381974248926544e-03
8.865829145728641811e-04
3.387720504009163278e-03
2.476074240719910134e-03
2.702708978328173094e-03
3.997927890592623164e-03
3.987462686567164009e-03
7.255860178204248494e-03
1.756731047802993642e-03
6.269966414777497152e-03
2.437728136882129446e-03
5.961723472668810711e-03
3.377759363606231639e-04
2.804551831644582806e-03
1.712319831667543334e-03
7.172958937198066660e-03
8.621265527950311425e-03
6.710306560392396633e-03
9.616701282834452108e-03
8.882101545253862779e-03
8.287284859641048246e-03
1.329032012195121779e-02
6.315488687782804846e-03
9.451467889908256315e-03
7.062637271214641972e-03
3.889952774498228912e-03
1.087337465564738176e-02
2.650519125683059932e-03
3.331382916908773653e-03
4.812782853127195448e-03
6.004939999999998543e-03
6.816769230769230414e-03
3.537846715328466906e-03
3.119632792485055230e-03
8.221826659352714575e-03
7.890861356932152987e-03
4.178732227488151686e-03
5.057573715248524573e-03
5.922288432648972582e-03
5.290499367888747834e-03
4.627327536231884073e-03
8.788394495412844148e-03
1.043897854954034532e-02
1.148297872340425536e-03
1.458073979591836735e-03
5.283249299719888076e-03
4.458239999999999599e-03
4.843642785065589360e-03
6.933105263157893217e-03
9.156247933884295587e-03
1.436969696969696980e-03
2.556880165289256331e-03
9.083913043478259938e-03
3.613535825545171470e-03
9.292580331061343207e-03
5.704766645924081586e-03
7.151556603773584833e-03
1.517859950859950721e-02
9.221945392491468635e-03
5.910837438423644993e-04
4.708890103881902510e-03
3.751401179941002331e-03
2.681085899513776117e-03
4.070781038374717345e-03
3.993775843307943198e-03
3.605766233766233633e-03
1.340183544303797346e-02
3.121624129930394495e-03
1.027348248352410662e-02
4.037396856581531787e-03
3.899322268326416846e-03
7.380388418079095528e-03
4.059024199843871104e-03
5.553878902554399213e-03
7.515275387263338665e-03
6.517654676258991843e-03
7.598659793814432385e-03
8.298611698379140117e-03
2.673270365997638606e-03
3.430879170423804803e-03
5.612710706150341247e-03
5.374162640901770926e-03
4.821081388730791110e-03
8.710454705675007431e-03
9.736938044034817996e-03
1.794553191489361640e-03
3.808172043010752371e-03
9.848039215686273801e-03
3.509602649006622003e-03
2.782832909245122610e-03
3.291207759699623942e-03
4.018252516010978673e-03
8.642131438721136188e-04
8.661634738186461263e-03
3.312374100719423994e-03
1.410123520329387538e-03
2.820897666068222440e-03
1.369483163664839392e-03
1.260086855819339763e-03
6.955484633569739700e-03
1.001032171581769416e-03
3.484422899353647150e-03
3.239650067294750670e-03
1.570936936936936923e-02
9.212499999999999769e-04
2.565070707070707130e-03
2.633897824030274198e-03
6.728003802281367837e-03
3.274452405322415133e-03
2.056756418284282940e-03
3.000089285714285618e-03
1.806083467094702754e-03
3.069829619921362988e-03
4.350332214765099959e-03
3.470510992275698241e-03
9.431766304347825869e-03
1.839513850415512228e-02
1.218448339483394621e-02
5.702753623188405036e-03
7.171606186793575040e-03
3.824096219931271030e-03
5.208339726027397254e-03
1.083080841638981232e-02
5.462682297772566975e-03
6.889578622816032623e-03
1.051267352185089946e-02
1.932597911227153719e-03
8.764041450777200482e-03
8.498823529411765479e-04
8.949293849658312983e-03
3.506159844054580147e-03
1.261334915254237223e-02
3.294895916733386627e-03
1.409785608308605255e-02
5.641115107913667950e-03
9.021556031406138126e-03
1.008195819581958128e-02
3.359913928012519223e-03
1.377997198879551879e-03
8.116319733555369537e-04
2.671875000000000096e-04
2.247597348798674455e-03
3.018326359832635471e-03
1.775593047034764761e-03
1.063572854291417163e-03
2.716682501979413977e-03
1.068023748939779310e-03
1.476179941002949813e-03
3.880159744408944855e-03
1.153677890724269343e-02
9.818810264385691156e-03
1.414661917098445493e-02
3.780825496342737554e-03
2.727370370370370452e-03
3.137869565217391021e-02
2.874354166666666377e-02
2.227467966573816113e-02
9.172204424103738013e-03
1.532383817427385685e-02
1.217351063829787139e-02
1.155744284504656855e-02
5.675969868173257570e-03
7.935043604651161736e-03
6.468642307692307539e-03
1.739749832775919561e-02
4.571665158371041038e-03
2.539812967581047201e-03
9.903603112840466544e-03
8.684064942874322041e-03
2.958031956352298857e-03
9.538742857142856052e-03
4.260620636152056065e-03
7.116026490066224702e-03
3.651998974884674339e-03
5.483938144329895958e-03
1.742465517241379228e-02
3.272661628883290555e-03
6.369589905362774487e-03
6.219211248285321653e-03
4.106133720930232704e-03
6.490505243088655687e-03
2.366999351911859735e-03
5.565409090909090480e-03
4.330909583107741753e-03
3.431991543340380188e-03
2.051407982261640832e-03
8.273111111111110423e-04
9.681343028229254244e-03
2.807812728602779046e-03
2.854958677685950214e-03
1.956486896551724169e-02
1.175969394128669604e-02
9.872539797395080141e-03
7.468957528957528846e-03
1.205233285917496275e-02
5.726444866920151790e-03
7.512059645852748636e-03
8.524736147757255855e-03
1.872643835616438074e-02
9.343117893476958827e-03
2.842029126213591918e-03
1.643048543689320379e-03
1.983404255319148879e-03
3.854253075571177113e-03
3.611540616246498598e-03
7.355231788079470007e-03
6.410071138211381400e-03
7.559902234636870985e-03
8.608503401360542012e-03
1.130539054966248763e-02
1.343015710919088709e-02
6.624838709677418475e-03
1.226360398114195727e-02
6.793494282083862093e-03
2.485797979797979822e-03
2.083447901591895315e-03
6.838496042216358345e-03
4.579162141194723784e-03
5.286481223922113483e-03
1.880940559440559198e-02
5.150052173913043270e-03
3.050608537693006231e-03
2.082879699248119804e-02
9.045936675461741308e-03
4.019962264150943494e-03
2.593246977547495648e-03
4.173562945368171351e-03
6.598025291828793319e-03
5.318072289156625804e-03
2.452769230769230591e-03
2.796146435452793403e-03
3.151813471502590280e-03
4.706762246117084797e-03
4.506848137535816867e-03
5.580117548278756487e-03
3.583852941176470311e-03
1.603645161290322488e-02
2.388210023866348120e-03
9.585127035830618564e-03
1.050393272962483679e-02
1.426791180285343595e-02
2.641048780487804601e-02
3.938810408921932828e-03
5.322240704500978171e-03
1.894285714285713802e-03
7.821951038575667564e-03
1.185678331090174800e-02
4.265440180586907090e-03
3.671285988483685356e-03
8.618081761006288893e-03
2.775488126649076209e-03
2.309004492362982941e-02
2.650255720053835799e-03
1.189722276741903700e-02
1.956405797101449118e-03
9.858421052631578807e-03
5.958698224852070242e-03
4.080272034820456653e-03
1.279587896253602322e-02
1.878711446196024495e-03
1.750333611342785520e-02
1.034640555555555418e-02
1.453375181422351080e-02
7.795757406372274753e-03
1.367116204690831463e-02
9.083306709265175430e-03
8.824999999999999512e-03
5.899514731369150805e-03
1.064229166666666622e-02
5.054822335025381183e-03
7.054632768361580875e-03
8.908573619631900836e-03
6.757125171939477523e-03
7.586789168278530032e-03
1.064751439539347345e-02
1.981087931034482622e-02
5.563591797500799449e-03
2.633294117647058327e-03
2.764763655462184472e-03
6.101056293485136034e-03
8.959284369114877203e-03
9.470117911285793472e-03
5.710010070493453695e-03
9.005132743362830386e-03
9.981279761904760656e-03
4.187819833459499944e-03
9.132125171939476163e-03
1.377700045724736949e-02
7.319368671828468433e-03
1.224008147512864464e-02
9.409656249999998751e-03
2.675158718330849367e-02
4.216760840998685575e-03
5.050979899497487491e-03
8.093037800687284677e-03
4.218398398398398412e-03
9.335719480519481112e-03
2.638236446766818819e-03
5.688073582013284876e-03
9.227055335968379485e-03
7.450445986124875318e-03
1.370241444151936577e-02
4.603304582210242593e-03
2.796736429038586963e-03
9.295138974675725210e-03
1.040372894047173272e-02
5.423486312399355448e-03
1.010825908156271283e-02
6.492071778140292085e-03
5.702908986175115116e-03
4.791838879159369957e-03
3.540683188211654359e-03
5.436723004694835742e-03
5.749737470167063692e-03
6.345201219512193978e-03
8.860606205250596071e-03
8.787455765710798158e-03
1.264145658263305348e-02
5.113454838709676278e-03
9.182397435897436330e-03
1.747405222437137251e-02
6.276468516072214801e-03
6.102828066416710918e-03
7.014106614017768040e-03
6.584508762612851542e-03
1.806966121960940780e-02
1.643555959302325439e-02
7.728697857948139266e-03
1.021646609360076299e-02
1.222616166281755186e-02
4.972260162601625788e-03
1.046247901872175527e-02
1.555194352159468447e-02
9.909538408542886007e-03
1.438758421559191425e-02
9.227289890377587261e-03
1.697222222222222188e-02
1.751430314707771302e-02
7.152166172106825051e-03
1.259973590655154643e-02
4.321804347826086780e-03
1.121701123595505306e-02
2.131176245210728015e-02
7.903518518518518055e-03
8.122648241206030517e-03
7.774691603660961736e-03
8.717958594126141991e-03
5.306794969512194579e-03
7.798800370541916424e-03
1.664320910973084849e-02
1.033779430789133133e-02
6.585490367775831758e-03
1.281720183486238437e-02
1.196572157772621790e-02
9.266271649954419681e-03
2.127062196307094241e-02
1.365235015772870569e-02
1.253748370745836130e-02
1.057440898345153590e-02
1.027073081607795396e-02
8.380654069767441358e-03
8.980477528089886655e-03
1.447664881407803930e-02
8.967388127853881744e-03
8.446610549943884064e-03
7.429944134078211165e-03
3.319155900086132645e-03
9.780449695121949671e-03
5.512978322337417150e-03
9.044306292645944156e-03
1.470608411214953046e-02
9.152409638554216686e-03
7.949715346534652963e-03
8.464359567901234144e-03
1.316567796610169407e-02
9.996470881035338790e-03
6.272643207855973374e-03
6.823555840821565396e-03
9.071128981393880575e-03
1.225079129574678516e-02
7.858745173745173077e-03
9.064034003091189090e-03
9.923581538461538273e-03
1.061424887892376510e-02
1.042663922155688538e-02
7.281090504451036977e-03
5.341658249158248717e-03
5.417847222222221468e-03
1.316903381642511861e-02
5.702351885098742162e-03
1.755066722268557033e-02
9.092361199744734834e-03
9.238094667465546889e-03
1.557213250517598332e-02
4.798089368258859344e-03
1.331309381237524847e-02
1.082284172661870459e-03
1.419911392405063047e-02
3.218032967032966735e-03
1.049449873631002478e-02
1.064421710526315679e-02
1.684732510288065475e-03
9.346267857142856808e-03
1.204814722911496869e-02
7.696441281138789378e-03
7.187512479201331461e-03
7.342880639097743023e-03
1.006660561660561656e-02
1.307289915966386440e-02
9.112944062806672615e-03
1.018932367149758336e-02
6.140618101545253574e-03
1.414288811188810918e-02
1.491781433607520385e-02
1.442923001949317566e-02
1.053399999999999823e-02
5.891666666666666580e-03
7.839205147615442570e-03
1.004318540433924919e-02
6.878336148648648597e-03
7.352214339058998904e-03
6.715040064102563780e-03
1.128678461538461589e-02
8.798814129520604599e-03
8.454966216216216329e-03
8.403807339449540642e-03
8.646154598825830581e-03
5.741563786008229732e-03
5.933432956381259546e-03
1.077717493472584755e-02
2.243561284046692583e-02
1.037644573925710148e-02
2.029820585457978860e-03
4.299609929078013551e-03
2.188667935299714457e-03
1.384037463976945000e-02
8.958196721311474610e-04
7.104322222222221248e-03
8.174815168137372070e-04
1.036034320323014554e-02
2.662551020408162987e-03
1.294572591587516731e-03
7.190040650406503584e-04
1.724900662251655772e-03
8.890492957746478752e-04
2.170399999999999413e-02
1.476472457627118866e-03
5.925850277264324215e-03
5.897165109034267078e-03
9.617609289617485430e-03
5.584061569016881763e-03
2.217019572953736299e-03
2.290639810426539809e-03
2.383027777777777748e-03
1.281960447119518450e-03
1.466003415883859913e-03
4.006867873910127317e-03
1.085477178423236311e-03
1.010963470319634723e-03
6.406683501683501855e-03
9.008797091870456367e-03
5.467971014492753641e-03
6.053428886438809095e-03
1.872559176672384043e-02
1.485170682730923598e-02
7.508436170212764299e-03
1.010542717656631381e-02
5.129474708171205891e-03
7.805007012622719800e-03
1.342265745007680325e-02
9.136178082191779432e-03
1.233478445229681773e-02
4.922407862407862308e-03
8.580291262135920916e-03
1.478473859844271245e-02
1.113314903846153621e-02
4.508146821844225688e-03
4.318526405451448072e-03
1.722123595505617444e-02
5.436512968299711361e-03
9.322204620462045191e-03
5.365839416058393319e-03
5.920584905660376124e-03
3.422270270270269966e-03
2.048466843501326167e-03
2.656673758865248005e-03
6.918317214700193604e-03
2.825246690734055030e-03
9.011144674085851819e-03
5.940373134328357993e-03
8.530549222797927794e-03
7.561177033492821886e-03
3.741540697674418468e-03
6.951327160493826762e-03
1.115222845129642398e-02
8.027896634615384192e-03
5.224445727482678568e-03
7.494280423280421863e-03
1.482417543859648919e-02
7.672899659863945121e-03
9.568834170854269988e-03
5.609782082324455202e-03
7.059190938511326723e-03
4.703322109988776131e-03
5.943492706645056578e-03
4.230475389145981965e-03
6.730131771595900328e-03
5.992669683257918073e-03
3.701605316973414703e-03
5.506201634877383802e-03
3.942958333333333037e-03
7.184897750511246885e-03
2.959962616822429948e-03
5.717775142314990115e-03
9.987555331991951682e-03
4.590739644970413813e-03
6.274101926662523435e-03
5.545508811824900047e-03
6.103436830835117996e-03
1.110099104477611787e-02
6.770726182544969940e-03
1.212605117565698429e-02
1.162074715261958956e-02
1.007040609137055745e-02
7.310532168387608339e-03
7.179576185671038453e-03
5.574669187145556842e-03
8.306633628318583693e-03
6.340302083333332339e-03
9.598837101984308839e-03
5.828447785453067659e-03
4.064905838041431123e-03
3.407211999999999741e-03
6.908195488721803265e-03
1.237784246575342195e-02
1.124020000000000054e-02
5.791366666666666364e-03
6.259663699307616534e-03
5.023197405004634075e-03
1.008719342604298339e-02
8.186418199419166070e-03
4.125046398585947502e-03
6.509650145772594154e-03
7.886874999999999789e-03
5.713698010849909206e-03
8.282399090392267640e-03
6.390240096038415224e-03
5.020154185022026108e-03
6.337443137254901784e-03
7.777443324937027141e-03
4.663024075161479459e-03
9.518383128295254680e-03
9.621601343784993987e-03
1.226964839710444413e-02
6.181767955801104834e-04
3.531252068394925489e-03
2.122818448023425925e-03
1.555848373235113428e-02
6.421511961722487644e-03
7.646673596673596481e-03
8.093402777777775753e-03
1.066465301478953208e-02
5.792051926298157419e-03
5.243314878892733552e-03
5.567443487621098058e-03
7.606810284920082627e-03
9.295720279720278562e-03
3.914472049689440500e-03
7.054967682363804012e-03
5.540853080568720196e-03
9.131296928327644474e-03
3.608438818565400628e-03
1.125134831460674126e-02
8.606085740913326648e-03
1.263239294710327351e-02
7.836465992647059092e-03
6.501437699680511113e-03
1.301534833869238961e-02
3.607822105951602205e-03
5.801446280991735122e-03
8.052660332541566879e-03
6.070270270270269712e-03
4.651337513061650636e-03
1.248439509954057947e-02
4.371650280898876570e-03
4.586031061259706471e-03
7.679971014492753198e-03
8.124638383838382952e-03
6.635150316455695231e-03
2.397844444444444459e-03
7.483314393939392850e-03
5.908971098265895262e-03
1.556657480314960554e-02
1.194954545454545401e-02
4.704770773638967604e-03
3.695732778548311941e-03
5.521295802798134242e-03
3.048752642706130563e-03
7.227761403508770749e-03
3.591556085918854151e-03
4.838594900849858133e-03
4.745004516711833625e-03
1.404798387096774064e-02
6.322429200755191187e-03
6.594177858439201345e-03
3.130842017507294225e-03
2.674043754410726677e-03
6.353816425120773631e-03
1.437966254218222585e-02
2.486238938053097428e-03
1.063933837429111538e-02
1.063903771131339236e-02
4.716062437059414733e-03
1.876612685560053980e-03
3.064765897973445279e-03
9.791588541666666756e-03
7.720214617169372448e-03
6.366253390158852811e-03
4.263252536640360114e-03
7.652893240682247591e-03
1.357590181430095959e-02
7.395550181378476341e-03
5.298467374810319347e-03
1.214782383419688895e-02
1.601937016574585607e-02
7.183442959917779765e-03
7.216137459807073565e-03
7.668499184339314274e-03
2.389172366148531804e-02
5.027688356164383351e-03
3.055977011494252684e-03
5.192353723404255147e-03
4.981511904761904384e-03
1.162511672224868925e-02
4.791614550095723776e-03
3.052948148148148470e-03
5.613466666666665564e-03
6.014645093945720014e-03
5.081583710407239739e-03
6.149225568531037703e-03
6.547632600258731887e-03
4.676419036564132166e-03
4.853295711060948495e-03
4.210312308634414809e-03
7.848124401913875170e-03
8.746588502269288246e-03
9.416779661016949632e-03
7.955408388520971222e-03
6.686752136752136325e-03
8.303522012578615913e-03
4.466512524084777919e-03
1.065941146881287625e-02
1.066473899692937585e-02
5.240352781546810113e-03
1.426391774891774822e-02
1.439645703611456933e-02
1.208706701479547382e-02
7.548388025331029434e-03
8.919148740012292770e-03
1.024432786885245972e-02
7.656829268292682754e-03
1.024366984993178506e-02
5.305769791160756810e-03
1.055580168776371064e-02
1.116471071428571347e-02
8.173118155619595385e-03
1.062667493796526016e-02
5.603999999999999607e-03
8.514520930232558765e-03
8.494012801575578919e-03
6.699608433734938716e-03
1.194725925925925816e-02
5.453153745072271755e-03
8.125408641332638668e-03
5.147947705969413076e-03
8.395908761766834177e-03
4.582355932203388896e-03
8.919062631357712809e-03
9.537068575734738637e-03
3.114265095729013000e-02
1.358794025157232695e-02
7.217861147046139916e-03
1.082547184773988841e-02
5.498579738245273907e-03
7.548541813070976624e-03
1.538510558069381556e-02
8.808700427089689172e-03
8.821237771161208677e-03
1.599451957295373525e-02
1.154900197628458414e-02
1.162487470167064378e-02
9.866666666666665947e-03
9.408723175965664695e-03
1.360085078534031301e-02
5.817235636969192615e-05
1.217352588147036646e-02
8.830111835973904547e-03
1.279840659340659298e-02
8.631045016077169493e-03
1.219614639397201099e-02
1.194636583679114725e-02
1.259863937007874024e-02
1.473283208020049855e-02
2.565584466019417594e-03
1.156595038307187129e-02
1.576573094170403283e-02
6.909001578531965074e-03
4.355278121137206790e-03
0.000000000000000000e+00
2.757023186237845831e-03
9.235942122186494019e-03
3.750785597381341412e-03
6.995605700712588873e-03
5.331929260450160579e-03
9.788093249826025632e-03
4.589305445935280142e-03
9.165175565175563699e-03
9.150902612826602653e-03
1.356102935846320925e-02
8.505049407114623899e-03
1.143403079076276904e-02
7.750097902097900782e-03
6.353592906707786897e-03
6.896126266562743051e-03
6.208616262482168080e-03
5.579741907261592283e-03
1.005777692307692137e-02
3.440583742498636022e-03
1.146751173708920185e-03
2.567295485024586287e-03
6.489728308501313200e-03
8.291999999999999371e-02
4.129908883826878714e-03
1.350199999999999751e-03
1.125626850937808468e-02
8.263040073698754706e-03
6.435255172413792413e-03
4.014190157668418198e-03
5.452483412322273702e-03
3.938137254901960191e-03
1.345185551330798333e-02
3.260442332896461379e-03
6.546903168228469100e-03
4.534703757225432702e-03
3.366341037941560609e-03
4.980622837370241810e-04
4.554249860568878108e-03
5.141565322095122126e-03
0.000000000000000000e+00
6.462009246088192688e-03
2.105088652482269354e-03
4.715058724832214485e-03
3.790848214285713613e-03
9.595884146341462874e-04
2.839489411082100380e-03
2.163662026295436972e-03
2.267132486388384258e-03
2.791698007819773050e-03
7.311432880844645141e-03
2.614076576576576313e-03
1.780249376558603333e-03
1.980085763293310420e-03
8.317592200084780729e-04
1.226929621036349383e-03
2.089205564142194559e-03
1.061101123595505590e-02
4.230066011914345586e-03
1.023079934747144967e-02
9.232769461077844353e-03
1.132138392857142718e-02
9.484619615032080508e-03
7.174017376913528581e-03
7.496581508515814951e-03
1.293404057017543893e-02
5.663654195423174775e-03
6.950289473684210032e-03
4.282533875338752696e-03
9.978960749330953450e-03
5.075674013326498396e-03
6.139967293540473693e-03
4.222020985401460022e-03
6.776609105180533832e-03
2.046854838709677091e-03
8.788394638403989115e-03
1.618150765606595973e-02
8.757007077856419908e-03
1.363230411171450704e-02
8.652224383916990239e-03
8.779100765306122045e-03
1.508018970189701873e-02
8.448275607958731850e-03
5.411920717319490017e-03
5.406643321660829955e-03
2.523412213740457676e-03
4.129999999999999991e-03
4.905169350360909578e-03
8.423856168629881291e-03
4.814251012145749110e-03
9.778383272966741091e-03
1.951894713059195569e-02
7.376881720430107127e-03
7.676141011840689060e-03
4.148766157461809129e-03
4.293707117255504691e-03
2.843304821150854835e-03
1.940905966885348409e-03
4.762253401360543904e-03
4.203001658374791796e-03
4.492625215889463515e-03
5.798054123711340185e-03
7.105657327586206023e-03
6.004759422614273576e-03
5.455164422864708720e-03
2.187638962413975333e-03
6.860437710437710009e-03
1.125950286806883319e-02
4.030820512820512680e-03
6.554491913335366501e-03
6.797095531587056885e-03
9.630216718266252501e-03
1.001061422413792971e-02
7.542774509803921654e-03
1.081962803234501336e-02
3.701638418079095799e-03
7.067415477084897264e-03
3.381143507972665316e-03
3.727586206896551721e-03
4.724782608695651462e-03
3.481552975326559704e-03
5.250708898944193154e-03
1.224115892139988546e-02
5.113800773694389748e-03
3.988734560708459553e-03
6.785505200594352596e-03
4.189441975308641486e-03
1.777137931034482310e-02
1.214073113207547044e-02
1.653676470588235237e-03
8.944224598930480483e-03
3.287233149750851992e-03
5.788434309053777649e-03
8.967663257277733255e-04
6.216722972972972203e-03
4.490985561833018766e-03
4.236428345460297069e-03
2.476962509563886833e-03
2.198300248138957552e-03
1.034519798416126679e-02
3.494183716075156300e-03
5.867491423670668713e-03
3.309040574809805728e-03
6.105853804673456835e-03
8.584357541899441044e-03
5.345944598337948675e-03
4.651764705882352642e-03
6.176121873899259943e-03
1.071641541038525700e-02
5.804358974358974493e-03
6.112181732134405569e-03
8.661062896148218754e-03
1.086381104883907094e-02
1.986794182737907331e-03
7.298042479908150790e-03
5.406574545454545175e-03
4.551164683782090749e-03
7.981191289496156541e-03
3.518684719535783174e-03
6.792947667087011199e-03
7.343203497615261033e-03
2.637641092327698035e-03
3.452790202342917881e-03
5.902284644194756395e-03
5.662530662305804638e-03
2.380771186440677843e-03
1.764110518662142472e-03
2.856198539176626420e-03
6.551896774193548441e-03
5.272537551933524809e-03
2.111206543967280094e-03
6.975175781249999714e-03
5.420623306233061760e-03
3.348024118738404317e-03
3.643601297764959609e-03
5.669196919691968893e-03
9.234268929503915146e-03
2.809796769150599369e-03
4.193377456879261722e-03
5.883582694907615873e-03
5.023964313421256517e-03
7.453695501730103409e-03
5.264945121951219130e-03
1.288553533939817974e-02
9.179697322467985157e-03
5.087542134831460686e-03
3.878104356151268473e-03
6.196587030716722497e-03
1.372500000000000022e-03
8.883703071672353554e-03
6.808050139275765786e-03
6.389322936477748009e-03
4.445608108108107734e-03
2.460055813953487998e-03
5.558643306379154950e-03
3.331972501322051465e-03
3.819008237232289840e-03
8.179963592233007591e-03
7.811613123718386467e-03
4.762692601067887097e-03
7.664088135593220136e-03
6.572336244541484088e-03
5.940224791265252997e-03
4.563514357053682045e-03
4.188710801393727423e-03
4.590049164208456420e-03
5.562320534223706009e-03
2.561923444976076190e-03
6.512117503059975179e-04
3.334511278195488419e-03
7.672394067796610255e-03
3.736223801065719288e-03
2.630867964229352887e-03
2.521238779174147376e-03
3.527054298642533399e-03
4.647298881193393655e-03
6.033322422258591625e-03
2.952671673819742652e-03
7.780856031128403731e-03
3.188315041962556419e-03
1.071035447761193964e-02
1.011003450655624525e-02
5.498830083565458930e-03
6.436867335562986882e-03
3.485815789473684090e-03
2.820844686648500948e-03
1.500779610194902681e-03
2.643547237076649108e-03
4.847886347886347369e-03
2.432720403022669686e-03
5.295709803921568211e-03
2.755410122164048646e-03
2.134063886424134721e-02
5.171093544137021769e-03
4.804495088408643894e-03
3.417776135943849034e-03
1.364178913738019021e-03
6.447387218045112084e-03
2.987751412429378271e-03
3.163446712018140074e-03
1.799016829052258338e-03
3.470163934426229602e-03
2.934221165279428910e-03
1.289669160432252611e-02
5.292861930294905613e-03
4.969888324873095869e-03
1.335464991023339312e-03
1.332426335174954034e-03
1.506497175141242959e-03
4.074756032171581929e-03
2.361498311329444065e-03
2.228217611066772921e-03
2.602701383238405219e-03
2.334851029794041133e-03
6.553966770508825625e-03
2.727487974345269624e-03
5.733665158371040009e-03
1.990679611650485441e-03
7.811779026217226772e-03
2.261063023534104141e-03
3.671386337543053845e-03
1.890925361766945725e-03
7.076626556016596403e-03
4.111128571428571479e-03
3.033620401337792320e-03
2.417487797875394508e-03
5.721939487975174696e-03
2.391361386138613973e-03
3.920757180156657362e-03
3.726246099843993215e-03
4.364227318045862253e-03
3.997546054918317548e-03
2.500729927007299194e-03
3.097547974413646099e-03
7.608018867924526765e-03
4.273651551312649018e-03
4.365756097560975074e-03
3.963915756630264665e-03
6.802294548413344646e-03
1.318961675579322524e-03
3.963671268334771278e-03
2.446315255955397623e-03
3.152150299968424062e-03
1.733801593048515336e-03
3.763089906992765458e-03
2.383710873146622534e-03
2.091325255585005632e-03
1.479090287277701806e-03
2.602125237191651140e-03
4.523460869565217556e-03
3.622881824464408741e-03
5.659045879009337240e-03
9.988201871657751557e-04
2.795345413363533368e-03
3.614960396039603417e-03
6.834930340557274567e-03
4.539267056530214145e-03
2.362014051522247794e-03
2.056322257624032535e-03
2.108655282817502568e-03
1.488538538538538387e-03
7.313522884882107510e-04
4.469492344883158746e-03
1.774457300275482114e-03
4.871402352941175788e-03
1.871532467532467355e-03
5.036491677336747165e-03
3.175749844430615990e-03
1.397906044572711165e-03
1.270264805007221805e-03
2.588123412899948940e-03
1.797182705718270530e-03
1.397707219251336690e-03
4.845081967213114502e-03
4.332434725848564004e-03
8.513254520166897016e-03
1.362715466351829786e-03
2.975899613899613601e-03
7.078811881188118091e-03
1.656148346738158883e-03
5.015433287482805487e-03
1.053604422604422462e-02
4.424628297362109657e-03
2.485801041064198639e-03
5.828978494623654819e-03
2.717731124807395895e-03
3.206977644024075567e-03
5.255990057995027498e-03
5.350501299665799682e-03
3.666018783176806448e-03
1.322799650043744463e-03
6.089447004608294217e-03
9.569740321057600835e-03
4.916080125687352642e-03
6.582005251066622500e-03
6.744519104084321058e-03
2.148485562757807693e-03
4.104771929824561211e-03
2.151176088369070611e-03
2.324935275080906166e-03
1.900733816964285438e-03
1.721071607411116429e-03
5.044913644214162746e-03
2.378972019464719798e-03
6.135190839694655389e-03
5.619736905623943200e-03
4.547582032494425219e-03
1.346533742331288254e-03
1.004671128107074464e-02
5.011224209078403782e-03
8.168902857142855412e-03
4.165374208405295958e-03
4.214301075268817379e-03
9.921750972762644755e-03
5.119746278755074251e-03
7.719986271279516074e-03
4.362808641975308120e-03
4.375853894533139263e-03
6.161781140861466444e-03
5.961920212765956656e-03
3.240653050255307751e-03
5.415880699562773681e-03
4.776328565236236980e-03
6.544535558780841672e-03
4.957020618556700134e-03
4.876979638009049274e-03
4.936449756529437925e-03
3.409091308165056351e-03
5.456051321332821419e-03
5.763505359269551105e-03
3.653568438003220332e-03
7.429881043745202064e-03
5.680641983155886726e-03
4.135854898336413510e-03
3.713097934710192765e-03
4.017333117303952678e-03
6.907590433482809454e-03
3.918081264108351849e-03
6.239307578008914529e-03
8.512628607277288734e-03
1.464273769386378876e-02
4.699867525957751244e-03
7.355435336976319689e-03
7.543717158611741927e-03
5.277123397435896576e-03
3.371141744081509756e-03
5.015507347795660972e-03
7.409034229828850501e-03
6.768406484776590647e-03
3.966417910447761095e-04
5.538295198195294748e-03
1.053768729641693658e-02
6.656673606291926490e-03
7.609116925592804628e-03
5.778040491684743180e-03
4.334254926108374074e-03
7.590138390568938048e-03
5.726538045438153007e-03
7.933064966121960299e-03
6.535487465181058150e-03
2.861128014842300241e-03
1.147238446726572478e-02
6.576326530612244640e-03
1.269564189189189077e-02
4.409662676822632618e-03
1.069127729980145353e-02
5.599316105455495046e-03
9.712066492829202896e-03
1.188722020202020134e-02
6.327833430401863177e-03
7.655120126033871340e-03
9.786405005688281200e-03
8.629728609121749272e-03
6.018713768115941699e-03
7.261871294035576740e-03
1.331641595814257902e-03
3.211758400329828636e-03
4.451852734737121037e-03
3.991589376053962523e-03
7.935139516343342123e-03
1.028330522765598561e-02
8.528203902827557331e-03
8.814090170593013793e-03
8.574463476070527668e-03
7.410208110992529129e-03
5.013680851063829179e-03
6.700782918149465923e-03
7.793155860884498631e-03
4.079157894736841830e-03
4.136724039013195062e-03
1.173137724550898237e-02
9.044319180087845994e-03
7.603171179440109187e-03
5.470709956709956731e-03
6.576570926143023715e-03
4.685899008966492793e-03
4.004389312977099658e-03
5.719403463758819181e-03
6.503264440911499071e-03
6.467341772151897691e-03
8.340390165686797225e-03
5.344814525575946294e-03
7.937481420313790420e-03
3.564644607843136560e-03
2.456939029448361716e-03
5.146367971887549388e-03
7.234026165857774734e-03
2.951230845279287970e-03
2.509183673469387796e-03
7.603395029085139450e-03
1.321010198604401394e-02
8.950091522157994223e-03
5.899464612170278975e-03
9.080363279332349935e-03
6.208128146453088629e-03
3.930428807036832894e-03
5.782672692059393285e-03
4.933916155419222627e-03
4.805714821763602471e-03
3.465336391437308632e-03
5.638477934554186888e-03
6.761050903119868172e-03
8.737487001733101888e-03
7.576642728904847690e-03
8.201127918447877543e-03
2.413259842519684725e-03
6.827128378378377258e-03
7.576646229307173325e-03
5.969265536723163817e-03
5.903288859239492516e-03
5.852081038552321354e-03
1.573459952418715044e-02
3.972461161079313130e-03
7.868141677255399702e-03
1.483719495091164083e-02
1.953217636022513883e-03
3.610002906131937889e-03
3.637249911629550879e-03
3.390778045838359258e-03
6.123476607074932951e-03
3.884333008763387815e-03
2.614381095273818172e-03
3.407384998866983331e-03
5.107692307692307011e-03
5.815805054151624437e-03
1.203405168435625269e-02
6.555341947683579300e-03
4.022958122958122940e-03
5.878968804159445671e-03
5.711954324223136176e-03
8.938290273556231263e-03
4.219889584100110398e-03
3.214011026878014696e-03
4.936605566870332085e-03
5.129031770045385137e-03
2.934956521739130048e-03
2.864207066557107606e-03
5.958994860079953881e-03
5.171466836734693248e-03
4.400916767189384446e-03
6.813108108108107547e-03
4.856427870461236043e-03
6.375558060879367439e-03
4.346949728260869270e-03
2.822418981481481307e-03
4.877287093942054771e-03
3.374959595959596201e-03
1.426030116358658478e-02
5.376539346525540525e-03
9.587194421657096663e-03
8.131461276181197254e-03
3.153249832999332168e-03
5.516932895696571165e-03
3.134846691769768365e-03
4.310392609699769534e-03
7.960036458333333287e-03
7.354030303030302355e-03
6.750807584269661460e-03
1.123211830985915496e-02
3.791083505866114402e-03
4.274087161366312872e-03
3.919953531598512064e-03
7.911394190871367735e-03
1.067623655913978349e-02
3.821828615149196542e-03
7.455598824393827422e-03
1.148234732824427590e-02
2.854847457627118692e-03
5.127654748173778726e-03
3.386255319148935919e-03
3.362556549184639223e-03
4.418749999999999935e-03
4.014146959459459485e-03
3.498617710583152955e-03
3.578173258003766385e-03
5.230526467203681223e-03
1.713967522492867816e-03
6.009658753709198539e-03
2.992155388471177783e-03
6.163265044814339975e-03
2.137400763358778769e-03
4.659598234667478196e-03
5.887321035242290036e-03
1.214050193050193044e-02
2.221557377049179945e-03
8.750756578947367637e-03
2.900066343454962576e-03
4.916563573883162008e-03
4.119169169169168906e-03
2.611827565270188022e-03
4.238268506900877940e-03
3.389531680440771317e-03
2.879377707758960184e-03
2.637329032258064164e-03
1.219138888888888703e-02
3.036261127596439225e-03
8.068721624850656512e-03
2.651393229166666265e-03
1.469788461538461440e-02
8.418059338521400453e-03
2.413738738738738492e-03
7.053116591928250238e-03
7.617621540762901239e-03
1.105628571428571294e-02
3.549481355932203146e-03
7.234874905231235970e-03
7.926856936416183663e-03
5.784352226720647014e-03
7.932979397781298944e-03
9.191317626527051277e-05
9.571894904458597055e-04
1.781911249999999780e-02
8.228200408997955045e-03
7.298289676425269434e-03
5.386871727748690844e-03
7.985055432372503703e-03
1.131089068825910995e-02
2.663062200956937617e-03
4.907702265372167715e-03
1.021541425818882354e-02
6.598357289527720382e-03
6.050505576208177819e-03
1.321085635359115981e-02
6.743432237369686999e-03
1.591834661354581473e-02
5.298933479934028745e-03
5.408125778331257690e-03
1.585344636678200775e-02
6.487152717860223891e-03
8.885976214073339208e-03
4.651685424101015612e-03
2.603229916897507011e-03
3.988695104674956637e-03
4.087604459194961459e-03
1.863865086599817518e-03
3.578338818638488947e-03
9.273604970056528989e-04
1.992973707233963981e-03
2.466269565786887927e-03
2.619781894233641408e-03
4.740374595127446779e-03
2.599304064882715717e-03
2.536681274900398284e-03
2.658512593061935526e-03
2.554939819458374416e-03
1.612985819327731035e-03
1.327058073912251853e-03
3.030589690084240818e-03
3.278775180120570634e-03
2.344609725594055862e-03
1.898602141879378357e-03
4.902511821974963810e-03
4.820648957632817089e-03
3.103182640144665043e-03
6.937888530631045741e-03
2.388285129604365842e-03
2.378748670684154021e-03
7.008915094339622162e-03
4.728841723549487806e-03
2.876302124311565667e-03
6.090792487402655817e-03
7.285015806111695344e-03
9.593772220548357765e-03
2.139861198738170212e-02
2.375991825613078812e-02
6.815514403292180848e-03
1.004636788776305453e-02
3.219145728643215722e-03
3.707873257287705882e-03
7.292250000000000121e-03
4.945043162199000419e-03
7.580556962025315976e-04
8.671340540540539016e-03
1.313906738063364346e-02
4.008879110699397480e-03
1.533264119601328648e-02
3.891791798107255111e-03
3.306441504178272723e-03
6.932423442449840711e-03
6.060030381944444058e-03
1.257389294403892833e-02
6.338851756640959470e-03
7.742405752040418601e-03
5.691673091750192037e-03
6.695977842003852584e-03
9.659080817051508491e-03
2.473854014598539982e-03
1.663812056737588559e-03
8.767278731836195688e-03
6.669179869524696942e-03
2.762589048378521865e-03
3.559838177533385106e-02
3.772170263788968136e-03
5.024111021721641354e-03
1.389913083257090457e-03
2.797610513739545984e-03
3.551231343283581861e-03
7.537565065065063991e-03
4.839348171701113007e-04
1.361166238767650555e-02
2.686881916714203844e-02
2.301822358346094360e-02
1.423628352490421273e-02
3.366997709049254772e-02
1.095206103051525777e-02
3.773481145251396385e-02
3.218532297628781073e-03
4.098555808656036484e-03
1.562482288828337743e-02
1.590451918285998995e-02
9.980764525993881739e-03
1.143076124567473859e-02
3.036166416791603873e-02
2.134989293361883728e-02
2.969260521042084086e-02
1.657781431334622718e-02
2.669196819085486658e-02
1.232875145180023155e-02
2.905694060773479984e-02
8.205647321428571200e-03
1.464759791122715454e-02
8.780320910973082871e-03
2.389993055555555274e-02
3.614511173184357246e-02
2.381014101057579019e-02
2.152693693693693774e-02
2.623307692307692146e-02
2.281946009389670960e-02
2.162139215686274471e-02
9.004044213263978635e-03
1.917551635111875916e-02
2.650171821305841689e-03
6.167007299270072657e-03
8.412863145258102013e-03
9.613701399688957816e-03
9.673979381443298040e-03
1.305682962962962691e-02
3.182471994025392031e-03
3.466576971214017054e-03
1.894786428195686240e-02
3.234812080536912660e-02
7.468338509316769028e-03
5.751111754487550284e-03
3.207196885428253551e-03
4.478420569329660123e-03
8.908688352570828112e-03
1.729173970783532549e-02
6.723412184057031560e-03
1.988807291666666501e-03
2.038015624999999897e-03
1.559832095096582230e-02
2.668446560846560872e-02
4.827826398852224157e-03
1.870673291925465786e-03
3.157370325693606254e-03
6.831704885343967484e-03
5.596272450016943206e-03
1.567055555555555476e-03
1.226714486638537209e-02
8.076605577689242518e-03
3.139374999999999805e-02
4.241622023809524245e-03
7.317562982005140944e-03
6.924766355140186957e-03
8.026557040082218930e-03
4.366368805848903044e-03
2.969488139825218406e-03
3.255615942028985098e-03
2.085866071428571500e-02
1.414415126050420218e-02
1.815964163822525457e-02
6.078411633109619128e-03
5.072365269461077270e-03
5.235638297872340433e-03
9.188830548926012545e-03
3.166755518533944345e-03
1.285493474714518528e-03
1.374805194805194756e-03
2.860223695111847268e-03
4.829022346368714615e-03
1.039413905739617304e-02
5.368778298204527309e-03
5.606666666666666049e-03
1.006256277695716239e-02
9.413487889273356238e-03
4.321232417950434833e-04
6.192836538461538552e-03
6.711797520661156799e-03
7.212499999999999294e-03
4.485382436260622677e-03
4.724095563139931592e-03
2.820372250423011130e-03
1.083878243512973946e-02
4.257552807831015140e-03
7.875912117177096688e-03
1.045895607893061741e-02
2.080093603744149599e-03
6.126093979441997114e-03
6.518241673121610673e-03
3.178990703851261590e-03
8.243235533822329889e-03
1.806661119515884720e-02
1.059898212898212691e-02
7.892877656519241281e-03
1.899364431486880254e-03
3.920063211125157827e-03
1.796890080428954414e-02
2.071459090909090819e-02
7.285114029025569794e-03
2.121541186891054073e-03
6.614547519878833694e-03
2.472665673864482203e-03
2.996212609970674151e-02
3.416887940234791810e-02
3.434934079601989487e-02
2.088114754098360781e-02
3.241843230403800014e-02
3.514068273092369604e-02
4.032263578274759841e-02
4.509045075125207858e-02
1.003128018223234559e-02
8.393963509316770127e-03
1.849163952225841168e-03
1.137356842989084571e-02
2.084506024096385336e-03
6.002882775119617112e-03
6.095899198167239671e-03
1.695472813238770547e-03
6.374069663590354110e-03
1.450171821305842011e-03
9.060891089108910525e-04
5.959830836152729683e-03
2.530225806451612963e-02
8.381291165708310703e-03
8.245353159851299268e-03
3.470446131941148406e-03
4.416247240618101713e-03
8.818978328173373779e-03
1.494889336016096571e-03
4.708429752066115200e-03
3.517711442786069717e-03
1.349201309328968909e-02
8.356392026578072021e-03
4.675740025740024973e-03
9.874119047619048239e-03
3.387301837270341454e-02
1.955500821018062337e-03
6.665794066317625929e-03
6.680405117270788069e-03
1.160745033112582690e-03
1.984243582741671008e-03
1.538312126720332157e-03
3.723727490996398080e-03
6.729551158301157188e-03
5.721513994910941078e-03
1.384300518134715021e-03
4.276481294236602476e-03
1.222634786685419458e-02
6.135277936962750187e-03
2.262376779846659441e-03
2.100639013452915062e-03
2.356084142394822105e-03
2.802891678289167517e-03
4.850277777777778007e-03
3.771019127316197969e-03
3.166244769874477019e-03
4.304124826629680822e-03
2.501823056300267641e-03
5.267714686295128096e-03
6.406875631951465359e-03
7.304490216271884370e-03
7.612902796271637552e-03
6.508768221574343787e-03
1.574409038238702013e-02
1.618386868686868402e-02
2.045005354752342519e-02
6.536767036450077950e-03
3.414171806167400763e-02
1.689632107023411253e-02
2.272735083532219369e-02
3.120120381406435786e-02
3.446836079077429671e-02
3.530964157706092954e-02
3.053094144661308226e-03
8.406126126126125045e-03
1.066903559127439609e-02
7.167569386038687498e-03
6.387533670033669099e-03
5.193077933450087127e-03
7.170504807692307421e-03
5.985179750550255820e-03
4.025225130890051732e-03
8.120785931393833743e-03
2.816080924855491122e-03
1.144629718107978986e-03
5.753149606299211294e-03
7.891822827938670256e-04
6.719826530612244171e-03
6.149320512820512404e-03
4.690557491289198272e-03
3.226599455040871870e-03
1.824841972187104915e-03
5.846255331248223150e-03
6.005385906040268222e-03
9.869757412398921272e-04
7.158087282645754501e-03
4.401335211267605116e-03
1.162396733909702110e-03
1.804246696035242048e-03
2.960925155925156135e-03
1.122836495031616930e-03
3.636962106615285271e-03
2.004699386503067376e-03
3.363632986627042732e-03
1.887759562841530032e-03
1.255497771173848254e-03
2.822954643628509605e-02
7.159536191145466841e-03
3.943784929356358021e-02
2.290801486199575340e-02
8.664474512271869155e-03
3.166479166666666401e-02
1.186401476014760023e-02
2.329274322169058893e-03
2.749585474477560677e-03
3.951028307336798898e-03
9.285305105853050491e-04
3.337404181184668809e-03
2.054505106778087287e-02
3.902050816696914746e-03
4.147852412488173442e-03
2.857636289666395241e-03
1.138721202003338887e-02
7.407875049741344253e-03
1.729125379939209714e-02
2.904602846054333415e-02
7.212828915662649991e-03
2.993063629222309473e-03
8.110762250453720790e-03
8.506362934362934197e-03
1.363928471248246690e-02
1.048656868626274621e-02
6.395420854271357397e-03
1.724334277620396400e-03
4.496821769837971820e-03
5.956562184024266626e-03
3.737622036262203649e-03
1.352673206621704538e-03
4.726799046862588741e-03
2.996678722121759973e-03
3.330991379310344579e-03
2.320935628742514748e-03
4.954130909090908620e-03
1.379005699810005939e-03
3.795192307692307580e-03
5.213132832080199543e-03
1.965109855618330133e-03
1.707789548022598577e-03
3.151821305841924232e-03
1.359731853906611092e-03
7.270277777777776548e-03
6.394599156118143529e-03
3.280566572237960093e-03
1.002435158501440793e-03
2.405681255161023612e-03
6.027935924369747303e-03
1.661209465381244255e-03
4.897996089931573420e-03
1.084828985507246477e-02
1.504612884503772445e-02
2.727814489571898926e-02
2.029986964618249456e-02
2.500881947860305113e-02
6.164567901234567146e-03
2.585423929098965706e-02
3.958913043478259897e-02
4.777883934890304191e-03
2.150100267379679003e-03
2.611345358887635915e-03
3.071814209418999471e-03
2.928092691622103099e-03
1.944528301886792312e-03
1.892498157700810580e-03
9.525198216055498490e-03
1.048902513328255764e-02
8.866280587275692307e-03
1.608585485854858348e-03
2.767080521472392585e-02
2.684192868719610658e-02
6.338414239482200244e-03
1.970097469036079588e-02
3.505723502304147060e-02
3.205905594405594056e-02
2.247197026022304533e-02
3.301837616822429766e-02
9.383880794701985467e-03
7.090666666666665258e-03
2.654193746167994583e-03
2.131677390122337784e-02
1.097734104046242708e-03
1.808622496147919805e-03
4.568702201622247550e-03
2.220859199280251529e-03
2.298266569555717457e-03
1.307454545454545328e-02
8.746937394247037562e-03
9.443027909426013333e-03
2.031230348598769830e-03
1.330066030814380101e-03
3.311919349796811282e-03
6.584090744101633516e-03
8.503450520833332263e-03
2.569383706205149651e-03
2.715014388489208220e-03
7.386477987421383173e-03
5.145884194053207406e-03
5.172185039370078528e-03
1.257976625273922325e-03
7.199904875148632408e-03
1.542507645259938789e-02
2.210702888583218617e-02
7.100366972477062735e-03
5.921823899371068609e-03
1.900227154046997199e-02
3.262180365296803164e-02
1.448889017341040315e-02
1.174649999999999826e-02
1.938998397435897150e-02
2.214038575667656022e-02
2.943343778801843502e-02
5.861719066937119520e-03
4.122161921708184656e-03
1.028882758620689591e-02
1.917437705688763636e-03
3.624650192554556595e-03
9.561559268098646439e-03
3.415727975270479305e-03
3.571864723467862122e-03
8.606914675767917550e-03
5.750599326599326044e-03
6.733867488443759548e-03
9.071025950512973807e-03
1.197603406326033966e-02
5.440425531914893677e-04
1.263099652375434655e-03
9.073870138219222031e-03
8.385519877675840991e-03
7.827771535580523368e-03
3.654284518828451733e-02
3.618472679394337845e-03
2.653879380603097263e-03
6.628949999999999773e-03
1.295033422459893144e-03
1.725173863202139612e-02
2.602990384615384151e-02
2.543376543209876356e-02
2.247548611111110928e-02
1.438885196374622283e-02
2.490147911832946669e-03
4.501320132013201213e-03
5.250240722166499979e-03
7.403135521885521701e-03
3.140790816326529886e-03
2.896760912698412467e-03
3.176594667566654765e-03
4.466113580246913739e-03
6.238321495327102048e-03
4.830093385214007974e-03
6.013223628691981987e-03
2.405056306306306308e-03
4.971952755905510897e-03
4.787708871662360241e-03
5.551688920967159241e-03
3.131068533529845176e-03
1.071917981072555148e-03
2.997006633499170632e-03
3.093603539823008234e-03
3.834577334809892955e-03
2.753068501170960122e-02
2.165867077958496742e-02
2.415791366906474853e-03
8.510819397993311247e-03
2.035194892473118564e-03
1.837359504132231400e-03
4.160653879686136702e-03
6.153027950310558693e-03
3.390109674892283209e-03
1.809941314553990301e-03
3.992494510320597489e-03
6.135800087680840301e-03
1.802789070309896748e-03
6.436905537459283386e-03
3.230040816326530673e-02
1.006668087121212127e-02
8.020136741973840633e-03
3.836277183600712848e-02
5.534865384615383910e-02
2.406167361524717135e-02
5.139334044823906655e-02
5.172680272108844124e-02
3.837347868217053787e-02
4.230676354029061503e-02
1.321549281314168128e-02
4.043023898431665625e-02
5.197400749063670056e-02
1.132212055192447289e-02
3.716159122085047756e-02
2.519844606946983548e-02
3.848753660637380808e-02
3.974140556368960242e-02
4.687728464419475827e-02
4.442399595687331060e-02
3.143180147058823037e-02
3.168249340369393152e-02
3.611722871452420491e-02
3.306687619047619237e-02
2.312321100917431177e-02
4.760177938279711030e-02
3.616136776390464769e-02
2.466314525810324107e-02
1.941303337306316684e-02
5.867087845968711746e-03
3.247289965986394078e-02
4.369988942639944224e-02
2.979254589963279895e-02
3.763404639175257221e-02
3.278958415841583957e-02
2.841794117647058679e-02
3.897709439528022901e-02
9.511204481792715631e-03
3.830984259259258978e-02
4.332617059891107070e-02
3.602765466297321723e-02
3.966561131386861505e-02
2.518670411985018259e-02
3.156835007173600799e-02
3.606481785063751777e-02
4.918240740740740385e-03
3.001506726457399150e-03
2.164958100558658869e-03
4.630511683642900278e-02
3.078419923371647146e-02
3.636266706803130411e-02
1.677004884004883872e-02
6.422341970946210399e-03
6.544075366364270410e-03
1.190586928104575039e-02
6.123356410256410032e-02
4.798972993827160111e-02
7.595517241379309316e-03
4.410301897321428077e-02
3.611051367025683301e-02
1.922995934959349437e-02
1.849302797833934919e-02
5.008538075313807153e-02
2.918523853211008739e-02
2.006776292335115883e-02
3.024161702127659002e-02
3.123862720403022819e-02
2.902325849903784200e-02
5.562131350681535566e-03
2.749169014084506396e-02
2.597327479338842546e-02
1.894204930662557462e-02
8.025824334053275472e-03
3.339637090327737812e-02
1.478509938837920326e-02
5.390094619666048470e-02
3.736060060060059779e-02
2.296375101050929582e-02
1.850997304582210207e-03
5.878617886178861239e-03
1.572685990338163961e-02
1.277781094527363250e-02
3.335719252498913281e-03
1.370837442922374222e-02
5.631340929009640353e-03
6.118944233892798651e-03
4.887111913357400535e-03
4.224035928143712176e-03
3.310150262960180091e-03
5.684701627486438147e-03
5.038676671214188142e-03
2.949417073170731290e-02
1.529160554197228628e-02
3.021757544224765515e-02
8.586319702602230762e-04
6.255327731092436352e-03
2.738863487916394154e-03
2.308629370629370486e-02
4.034929701230227997e-03
4.634690966719492988e-03
4.180426324503310614e-02
1.269156756756756668e-02
6.483959514170039087e-03
3.821684210526315236e-03
5.166947826086955645e-03
2.927283603096410627e-03
5.975994256999282196e-03
3.357982456140350559e-03
9.079943502824858181e-03
4.528856405846947569e-03
9.570659003831416545e-03
3.930258027522935682e-02
2.014660859465737530e-02
3.352972419227737838e-02
4.737766447368420286e-02
1.667979270315091134e-02
2.239096502590673388e-03
6.461703869047618655e-03
1.366978144989338881e-02
3.541468354430379190e-02
6.008220524017466452e-03
8.670930232558139716e-03
4.960055248618784954e-03
5.539488040285353576e-03
4.924303189165574364e-03
3.665719273743016544e-03
4.088853211009173608e-03
4.746502520356726991e-03
1.360758421559191481e-02
4.004599999999999653e-03
8.200967741935483515e-03
4.958581138487679757e-03
1.665909253731343020e-02
9.535092436974788171e-03
1.041253294289897456e-02
1.284977188655980068e-02
1.914832584990378353e-02
2.351028968713788844e-02
1.084909814323607377e-02
1.452871169916434418e-02
1.969948103792415126e-02
1.747852689010132368e-02
1.187442396313363908e-02
9.260881332408051059e-03
1.917337131367291905e-02
2.336420673076923180e-02
1.038961575875486237e-02
4.240860860860860837e-03
1.048897343862167930e-02
2.095221231766612388e-02
3.643646775745909561e-02
2.030653653653653398e-02
5.092640243902438885e-02
1.855903358464701738e-02
1.926023375142530900e-02
5.428094357076780965e-03
6.613549800796812358e-03
1.379632262474367668e-02
4.556531585220500481e-03
3.550694339622640847e-03
4.765467318265118914e-03
3.587170495767835407e-03
6.531489028213165876e-03
6.242003218020916733e-03
3.621992738589211586e-02
3.421827079934747218e-02
4.127302782324059061e-02
1.626140280561122128e-02
3.823067880794701889e-02
4.090039147455415349e-05
9.680537833827893360e-03
1.246857914640734505e-02
1.008099061522419078e-02
9.279577039274924249e-03
3.974635761589403321e-03
1.048080733944954136e-02
7.832600438276113644e-03
3.232351916376306061e-03
1.269997968855788445e-02
1.276926892950391683e-02
7.911264508246791324e-03
4.135988753514526113e-04
1.970474137931034486e-03
8.074333868378811077e-03
8.866207715133529732e-03
6.965507124895221891e-03
4.602527056277056286e-03
1.532222741433021673e-02
1.182262195121951132e-02
1.680234011627906865e-02
2.030840196078431345e-02
2.183556962025316392e-02
2.091001113585745641e-02
1.606989010989010730e-02
2.358635204081632741e-02
2.946615050651230083e-02
2.639651162790697392e-02
2.923187134502923390e-02
3.033100125156445309e-02
1.273927508090614766e-02
2.957814102564102279e-02
1.842036279069766969e-02
2.706288076588337504e-02
1.989731452455590147e-02
7.270648648648648030e-03
6.920266375545850931e-03
2.329367915465898123e-02
6.945580270793036241e-03
1.003230769230769107e-02
2.562290092658588495e-02
3.780636007827787876e-03
2.306382978723404021e-03
5.424276762402088087e-03
1.841422007255138701e-02
4.347104166666665784e-03
7.713837047353760100e-03
7.509594852240228553e-03
5.844490384615383741e-03
2.904703135423615697e-03
4.135099744245524303e-03
6.188192534381138643e-03
4.430284387695878484e-03
6.129115013774104337e-03
1.418640793445450493e-02
4.065446775446775705e-03
3.008395792241945737e-03
1.662646804835923864e-02
3.642474747474747608e-03
8.621446654611210347e-03
1.374664358018114034e-02
2.453773584905660603e-03
1.532945454545454368e-02
4.125392376681613280e-03
2.138989412387506256e-02
6.902326789838336522e-03
1.602323570432356847e-02
1.541711812627291275e-02
1.262951678951678910e-02
3.315736040609137264e-03
1.596606471816283679e-02
6.658420074349441498e-03
3.561517722254502888e-02
1.252387786259541794e-02
4.063022911051212410e-02
2.743747638326585539e-02
3.615621227887616529e-02
7.350099533437013007e-03
2.880923843416369895e-02
8.329135618479879821e-03
5.646599086236435937e-03
4.277423288749016700e-03
1.053596056622851246e-02
4.087757352941175440e-03
3.788383954662179372e-03
1.894520780322307002e-03
5.029261495587552047e-03
7.256822481914301445e-03
5.299881376037958794e-03
8.080858819894964212e-03
4.905743855109960874e-03
5.691525840853157298e-03
4.172156657963445661e-03
6.299795814190913001e-03
1.009168877099911538e-03
1.527366336633663273e-03
6.800922989807473874e-03
4.930846979107847763e-03
6.539920212765957044e-03
2.852404332129963513e-03
1.832611980572045269e-03
5.115937657114127957e-03
4.528368902439024180e-03
1.551142378559463783e-02
3.379308876811593781e-02
2.941059694585839573e-03
4.510440251572326448e-03
2.806080186843129369e-03
1.928348164627363692e-03
5.845899450117831783e-03
1.952783216783216631e-03
9.925771358328210753e-03
3.154226804123711619e-03
5.764141958670259899e-03
6.376532751091701715e-03
4.136858006042296206e-03
4.994786610878660348e-03
2.993003480855295842e-03
3.519542362399504572e-03
2.285777777777777200e-03
1.203165226781857319e-02
2.685868443680137878e-03
5.349640421574704957e-03
1.652888714733542069e-02
9.581681658193194270e-03
2.834353485064011052e-02
9.453321167883211446e-03
2.676709227467810592e-02
2.264752039151712859e-02
2.033234668018246011e-02
5.483391941391940749e-02
2.887288428324697939e-02
1.657101206434316229e-02
6.837057578323453913e-03
4.653006177076183907e-03
8.597226399331660968e-03
3.255219676549865604e-02
1.911797965116279058e-02
2.483746606334841234e-02
3.424043126684635924e-02
3.344683544303796857e-02
3.940071794871794625e-02
3.352677053824362763e-02
3.949741541353382623e-02
4.174749661705006928e-03
4.500016012810247566e-03
2.244789019963702031e-02
5.594803149606298459e-03
7.704096520763186601e-03
6.231255838090294860e-03
5.009267912772585353e-03
1.301880548829701355e-03
1.384848333333333313e-02
7.199276624246482743e-03
6.613526777383839372e-03
6.141756152125279339e-03
6.764213147410358049e-03
1.982650353310651259e-02
1.572090212264150647e-03
1.304439908256880415e-02
1.798933732534929719e-02
2.836422606924643430e-02
4.759100793417572577e-03
1.702909562638992014e-02
9.348124642652944072e-03
3.279052631578947309e-03
6.070137090632138702e-03
8.102028061224489722e-03
7.298338518979465006e-03
5.610670910871693937e-03
2.936598440545808500e-03
2.111002512562813738e-02
9.170887602508441538e-03
3.194150907354345505e-03
1.218615302300695563e-02
1.973573369565217138e-03
2.564866449511400172e-03
3.367906976744185904e-03
1.656258044554455300e-02
3.901371635610765675e-03
1.504434666666666642e-02
3.445774586597040445e-03
2.184910371318822021e-03
6.292379450202793302e-03
4.487319034852546226e-03
7.073523865645256828e-03
5.755987569060773065e-03
3.462688796680497404e-03
5.577189235369499690e-03
7.728721037998145457e-03
3.865580212667591407e-03
2.646293069306930590e-02
3.989489164086686655e-03
4.910544790789103664e-03
2.848777857656362416e-03
1.153300699300699103e-02
3.490303951367780544e-02
3.200036075036074863e-03
3.780134328358208777e-03
6.401646365422396755e-03
4.770949119373776512e-03
5.599845662586481337e-03
8.779355287569573160e-03
5.841463077984816385e-03
4.544617486338798154e-03
6.052842227378190179e-03
3.637958532695374520e-03
9.282627381479838929e-03
1.797793273174733489e-03
4.205744452397995777e-03
5.787669064748200351e-03
5.981818181818181895e-03
7.423895847066578138e-03
2.542696780893042435e-02
1.593840480274442278e-02
9.617002583979326197e-03
1.069693950177935844e-02
2.738719068413390974e-03
1.717555194805194668e-02
1.715769592476489025e-02
7.770445810914679112e-03
3.292173674588665111e-02
2.980246458923512670e-02
1.605124100719424601e-02
1.623734974241556944e-03
2.711443286327406416e-02
8.185808232931725270e-03
9.906051606621224526e-03
1.788760966306420647e-02
1.577438330170777888e-03
1.953666564134112424e-03
3.067650887573964303e-03
8.103322535863025436e-03
1.949415481171547920e-02
9.994272058823527871e-03
8.688023450586264060e-03
6.321918147995039122e-03
1.702884541618718620e-03
3.234854994629430582e-03
9.944499999999998480e-03
6.742293701583024212e-03
5.218538299367533363e-03
5.393508548099004533e-03
6.026405152224823328e-03
3.294585473220835829e-03
7.072749999999998309e-03
1.490056156968876458e-02
3.674668125455871678e-03
1.056123048094940661e-02
2.486830234684547173e-03
4.860157379838366855e-03
3.575048239266763028e-03
2.694218884120171565e-03
6.211339928057553299e-03
6.380977933801403740e-03
5.717527047913445806e-03
2.188068276436303146e-03
3.622007848266840888e-03
3.914213241616508639e-03
5.304495798319327528e-03
1.530481586402266140e-03
6.640466237942121985e-03
6.573686708860758746e-03
5.516026986506746346e-03
3.958911082474226087e-03
6.645852782764810271e-03
5.821972837741242607e-03
2.742635379061371913e-03
1.722284595300261050e-03
4.127271973466003184e-03
2.551066637819125911e-03
1.258013234599023250e-03
4.504774098404611300e-03
4.021988451822446423e-03
8.436866173503698718e-03
1.300374308543331137e-02
2.637276937326335155e-02
4.383245631258589695e-03
3.322244566147526668e-03
3.446329676845537662e-03
2.573239376468076066e-03
4.047160341204104200e-03
1.619373910711891656e-02
1.043851105151206819e-02
4.964437911241775109e-03
6.606873869801084542e-03
2.065724966622162640e-03
5.174827902707663727e-03
4.717383351997013474e-03
3.929270994332817804e-03
4.652362258953167233e-03
6.086087121788048837e-03
3.342791738382099725e-03
4.516787319021467635e-03
5.682003494467093767e-05
5.420631627478101136e-03
3.999288702928869774e-03
5.969518716577540163e-05
2.142213677561109449e-04
8.269134495641344840e-03
7.326836734693877549e-03
1.006147704590818241e-04
7.291655480984339348e-03
3.265173867228661399e-03
8.393805888767719853e-03
8.324058098591548618e-03
3.581464646464646052e-03
1.164357768924302594e-02
8.063736762481087117e-03
6.150373746581585394e-03
9.084113233287857345e-03
1.077367132867132829e-02
8.914660766961651772e-03
6.779302325581394381e-03
8.183424015009380798e-03
5.268210723192019024e-03
8.963797585886721861e-03
7.750995184590690062e-03
5.441148648648648500e-03
6.848429602888086304e-03
7.587454323995127155e-03
5.049244539921231463e-03
5.553016717325227891e-03
1.126028405797101228e-02
6.396519641626463581e-03
9.894702450408399824e-03
4.425005636978578474e-03
7.093336875664187427e-03
3.059621036349574608e-03
4.847893474088291882e-03
1.654630634224172128e-02
5.374206642066420292e-03
4.756420849420848682e-03
2.943075898801598110e-03
1.164268235294117597e-02
4.074031007751937884e-05
1.097022032693674605e-03
1.187122302158273319e-03
