9.404406891981444139e-03
1.179010914051841679e-03
5.267280632411066275e-03
9.043878172588830366e-03
6.272881578947366726e-03
4.287519826964671273e-03
4.450913663034366911e-03
4.262137020741671445e-03
3.949038461538461296e-03
1.387329376854599255e-03
5.281025179856114332e-03
5.943447069116359477e-03
6.884257812499999102e-03
1.916926345609065024e-03
8.220008568980290836e-03
5.319791798107254693e-03
1.885321992709598901e-03
2.577404371584698928e-03
3.816343679031036946e-03
3.026397449521785361e-03
6.587732371794871589e-03
2.670946462715104944e-03
3.215252459016393078e-03
3.043356282271944633e-03
3.424946236559139792e-03
3.364947698744769587e-03
2.231291666666666580e-03
3.352304913294797389e-03
2.137847341337907603e-03
2.868429602888086707e-03
2.807150041911148173e-03
5.027210144927535956e-03
8.368588025022339824e-03
6.732976963969284495e-03
5.346357388316151302e-03
3.422944606413993920e-03
4.940402010050250550e-03
2.752295684113865472e-03
6.524639269406391773e-03
2.517844712182061573e-03
2.692726081258191469e-03
2.482671821305841575e-03
1.996888007928642166e-03
1.063515624999999791e-03
5.138446389496717503e-03
4.708333333333333467e-03
2.525438596491227580e-03
9.712805676855895687e-03
2.613927427961578766e-03
2.109602169981916915e-03
3.421629042098840289e-03
9.718395061728394430e-03
3.499022298456260643e-03
2.599775112443777729e-03
9.041556603773582418e-03
1.976926286509039961e-03
5.028128078817733354e-03
8.481507882111032764e-03
5.036592560923471192e-03
8.895481321839079913e-03
1.805075417386298176e-02
1.915268531468531515e-02
6.060836722835560506e-03
2.039019607843137356e-03
1.377565361279646863e-02
2.640774520856820420e-02
4.920050847457627108e-03
1.538835075493611912e-02
1.869636871508379827e-03
1.518994329896906914e-02
1.814418040737148180e-03
2.178406466512701652e-03
1.851403508771929480e-03
3.225175370226032387e-03
4.546432432432432301e-03
4.136933466733366989e-03
1.956881851400730891e-03
1.869762611275964034e-02
3.323880597014925321e-03
3.394430379746835470e-03
4.129225806451612343e-03
2.918036211699163995e-03
5.816282789507356936e-03
1.162975638740344590e-02
3.003021210553543600e-03
2.190750750750750618e-03
1.517579934747145115e-02
3.063131055583885771e-03
9.400688575899842497e-03
5.794041835357623994e-03
6.015904211395540699e-03
5.473046421663442518e-03
6.449313824419778025e-03
8.292461656441716192e-03
3.728349954669083963e-03
5.542508185985592188e-03
3.641143028126869654e-03
7.441895424836600381e-03
1.022554511278195299e-02
7.514527081649150127e-03
8.250016592920354080e-03
4.610377875136911427e-03
6.580379278445882586e-03
3.931014285714285600e-03
6.142311999999998731e-03
9.599194528875379384e-03
6.660158887785500720e-03
6.340621225194131849e-03
3.458046683046682793e-03
8.856176470588233637e-03
7.351112877583465890e-03
9.485911559348331190e-03
5.866307692307692369e-03
3.443392444101773132e-03
1.007987439613526430e-02
5.574723809523809276e-03
1.083734090909090758e-02
8.148237650200266038e-03
3.236995260663506728e-03
3.809992565055761622e-03
6.768185567010308844e-03
6.012779893373952286e-03
5.395044187627463794e-03
5.550400381315537778e-03
2.782621722846441870e-03
1.151595397178916021e-02
5.155303388494876862e-03
3.847229654403566679e-03
3.829107611548556150e-03
4.943200000000000024e-03
4.055082715345122331e-03
4.736890982503363934e-03
5.576396989651928073e-03
3.173745624270711465e-03
2.247559198542805128e-03
4.416243093922651158e-03
4.258705688375927223e-03
2.672025819265144188e-03
1.178777633289987067e-03
2.974656556645851810e-03
3.416065259117082205e-03
3.608758116883117005e-03
2.981462829736210556e-03
2.745266005410279542e-03
2.242775193798449314e-03
9.629776847977684646e-04
7.448065049614111671e-03
1.466736842105263077e-03
3.474349540078843033e-03
4.556359223300970873e-03
3.780884520884520393e-03
6.315744125326370681e-03
7.547777777777776517e-03
2.765497311827957126e-03
1.725297906602254409e-03
2.481867469879517688e-03
1.029856938483547819e-03
7.029746192893400816e-03
1.399364548494983103e-03
8.720468227424748621e-04
2.658335146898802969e-03
5.117495009980039915e-03
7.788890410958903762e-03
7.123146473779384986e-04
9.373504712939158615e-03
2.345602310231022745e-03
1.584102812803103678e-03
3.160704607046069953e-03
9.573875530410183576e-03
1.361244209133024262e-02
2.622800641368252129e-03
3.386021126760563327e-03
3.965082977714556867e-03
3.276440329218106590e-03
4.602895277207391667e-03
5.462681734880878853e-03
9.141144781144781156e-03
3.078642533936651327e-03
4.917288765088207760e-03
2.866520710059171188e-03
7.568912489379778577e-03
4.324050632911391988e-03
8.589342963653306268e-03
6.115718390804597906e-03
4.187609302325581359e-03
3.511198738170346560e-03
4.649604519774011048e-03
2.203052228078581677e-03
3.276675191815856328e-03
7.569992907801418452e-03
4.526366950182260547e-03
3.685910307898259547e-03
4.146427145708582625e-03
2.160552278820375253e-03
5.399485953377166150e-03
3.080334293948126367e-03
2.864796116504854558e-03
2.653483606557376692e-03
2.197797246558197502e-03
4.700184757505772998e-03
1.818440170940170816e-03
1.166050545094152527e-02
3.296086604613516526e-03
1.968008752735229874e-03
1.902752212389380131e-03
2.343783919597990095e-03
2.820335954253037902e-03
2.170489181561618009e-03
4.782011173184357554e-03
4.195934740882917638e-03
2.636533523537802886e-03
3.424055654233273526e-03
1.230519855595667462e-03
6.155691642651296355e-03
2.867768685215493427e-03
1.487365119196988475e-03
8.757238292011018319e-03
4.827022624434389002e-03
6.016759581881532537e-03
3.699349240780910506e-04
6.213021925643468987e-03
3.651029411764705745e-03
7.087076023391812238e-03
3.958808752025931403e-03
5.650198446937013813e-03
3.813387533875338149e-03
4.904027986006995708e-03
1.006662698412698342e-02
5.235511111111110748e-03
7.884900086880971409e-03
6.412907801418439233e-03
5.557260371959941644e-03
4.535243128964058616e-03
3.657809633027522909e-03
8.946673751328373253e-03
2.786306818181817982e-03
4.121287625418059743e-03
5.592553485162180503e-03
2.167608695652173574e-03
7.283647642679899614e-03
2.777260273972602563e-03
3.162120481927710447e-03
2.255122807017543533e-03
4.268537200504412751e-03
1.201428571428571389e-03
3.580903294367694147e-03
5.072146755609460017e-03
3.404709748083241741e-03
2.794973262032085341e-03
5.495484444444444054e-03
2.878504492939666128e-03
4.213213448006253997e-03
1.798801141769743126e-03
6.510290178571428651e-03
3.339379014989293619e-03
1.633813796971396448e-03
1.781300174520069604e-03
2.236948318293683399e-03
5.721613636363635791e-03
7.415416968817983498e-03
3.452862108922363435e-03
2.585199585277345516e-03
5.918518924849148870e-03
2.760522979397781254e-03
5.313194444444443304e-03
5.844612384202827436e-03
1.787180156657963270e-03
4.211191185229303663e-03
3.422829754601226619e-03
4.676576381365113097e-03
1.687499999999999981e-03
4.943157894736842015e-03
1.733302646720368163e-03
1.245628997867803938e-03
1.836194739787353099e-03
3.877671333824612987e-03
1.435631229235880208e-03
5.626298342541436251e-03
8.266054913294795803e-03
7.300211416490485789e-04
5.025258799171842747e-03
2.259759450171820901e-03
2.739229188078108786e-03
1.100501204819277247e-03
5.443796296296295537e-03
2.335791567223547902e-03
9.620142348754447126e-03
6.769110978520285690e-03
1.204704671417260349e-02
1.147121142857142687e-02
7.032405821917807505e-03
4.414942716857610423e-03
5.112956349206348831e-03
1.621413708690330529e-03
4.258457556935817123e-03
4.097480620155038999e-03
1.543152866242038061e-03
2.092773925104022062e-03
3.844357923497267442e-03
2.778700389105057903e-03
5.608133427963093304e-03
2.083364692861095629e-03
3.761641337386018025e-03
2.939479069767441440e-03
4.731043872919817907e-03
5.113060344827585757e-03
3.130979073243647139e-03
1.311339491916859151e-03
2.778338783518639714e-03
5.132260638297872490e-03
2.451779005524861669e-03
3.032202362920326938e-04
4.932639198218262064e-03
3.560105985037406284e-03
5.519902518277821843e-03
4.311117381489842047e-03
9.036599616858237427e-03
1.419575825825825782e-02
9.616746739876457645e-03
8.865011312217192102e-03
9.926255380200860526e-03
6.123494845360824036e-03
1.151518431372548779e-02
8.041528089887639910e-03
1.280184438040345499e-02
8.650761589403973412e-03
9.688110236220470045e-03
1.051734618235730147e-02
1.357973799126637598e-02
9.425948497854075639e-03
6.214607013301088126e-03
5.281816443594646200e-03
7.062721153846153802e-03
3.928275862068964994e-03
2.415402808573540241e-03
5.771452513966480319e-03
4.312927429274291714e-03
3.731065848214285691e-03
6.751212121212119693e-03
3.380969976905311147e-03
2.943569431500465614e-03
6.272594440484675904e-03
4.278892445582585871e-03
4.695897305541433392e-03
5.038966565349543847e-03
3.097059301380990573e-03
4.081480206540447249e-03
8.722984244670990315e-04
3.032803590285110436e-03
1.113680555555555528e-04
3.373547334058759131e-03
1.105279187817258734e-03
1.336900501073729516e-04
8.048975188781014572e-05
1.984487693188322663e-04
5.892586054721977171e-04
2.370680393912264795e-03
3.255387096774193904e-03
3.072396551724137538e-03
2.727746010638297611e-03
1.361332725615314182e-02
1.074244825547013629e-02
4.830493381468110511e-03
3.063126734505087611e-03
2.000007092198581495e-03
3.125006570302233874e-03
6.185059263880224659e-03
2.679153471376369885e-03
7.765079185520361478e-03
4.183630268199233469e-03
4.059183070866141142e-03
5.595343800757985112e-03
4.718569288389512506e-03
1.275490878938639883e-02
2.936441988950275542e-03
8.336915725456124290e-03
3.973828072531900187e-03
5.055771971496436819e-03
2.859358974358974358e-03
1.104996695307336246e-03
7.388826815642457468e-04
5.121780660377358088e-03
1.090374592833876118e-02
4.497630691399662206e-03
7.160384930384929361e-03
1.298078924544665905e-02
4.014820846905537560e-03
3.307266470009832815e-03
4.807560679611650595e-03
4.056705508474575672e-03
1.157412712623097492e-03
2.435839843749999963e-03
2.357301184433164068e-03
5.860238095238094573e-03
3.580948905109489124e-03
7.895418060200668636e-03
1.108319327731092235e-03
5.989230769230769261e-03
6.861791044776119775e-04
1.513903675538656518e-03
2.435688282138794188e-03
4.028455459770114572e-03
3.650332986472424636e-03
1.348519805420430803e-02
5.122852415618795244e-03
8.684785330948120025e-03
1.054359523809523733e-02
1.549765624999999841e-02
3.017538071065989629e-03
4.734463148316651014e-03
9.717839506172838704e-03
9.037509363295878617e-03
1.162989459815546786e-02
7.869844110854503499e-03
9.991215161649944637e-03
3.304867306606436815e-03
4.244663101604278024e-03
4.997677902621722873e-03
5.771056149732618767e-03
3.530952380952380280e-03
6.389505494505494029e-03
2.799966024915061854e-03
9.244907975460122523e-03
2.024095900439238857e-03
5.791209122203096887e-03
1.925178316690442145e-03
6.638167420814479122e-03
3.436507321274762539e-03
5.471365348399245820e-03
2.290035502958579893e-03
7.304475920679886006e-03
6.709364754098359925e-03
3.195850066934404279e-03
4.356149999999999606e-03
3.254934747145187424e-03
6.193234946871309377e-03
6.028504867872044697e-03
4.944830028328611043e-03
3.195804311774461288e-03
4.189116161616161099e-03
2.020769230769230498e-03
4.505952970297029056e-03
3.944598051157125092e-03
4.798567279767667476e-03
4.240277098614506079e-03
3.800855614973261670e-03
8.433483822422873158e-03
7.907636462882096373e-03
5.068291284403668960e-03
8.223375796178343522e-03
2.142752380952380690e-03
5.570511565836298168e-03
9.444406130268197946e-03
1.111917475728155247e-03
3.648524991261796815e-03
5.147875399361022224e-03
1.085990511551155127e-02
9.281568541300525693e-03
1.223115403913697941e-02
3.263141304347825806e-03
2.741572958500669305e-03
5.859339045287637222e-03
1.427593974175035696e-02
9.600005977286310901e-03
5.194042105263157842e-03
9.941881371640407319e-03
4.619874651810584182e-03
7.729902329075882730e-04
8.137150496562259305e-03
7.274347621290627036e-03
2.276862145636464416e-03
9.358902877697840295e-03
6.358440318302386110e-03
3.190748663101604203e-03
1.577077681874229295e-02
6.141090133982947223e-03
1.185526610644257670e-02
9.551610044313145476e-03
6.479737931034482319e-03
1.049968719452590293e-02
7.315643678160919060e-03
5.812826969943134595e-03
5.196188811188811457e-03
5.692613636363636279e-03
2.669740932642486984e-03
6.727521613832852798e-03
6.683770977295161800e-03
7.670427350427349959e-03
6.941368983957219366e-03
5.362049689440992820e-03
7.181128084606344664e-03
3.829114817190506451e-03
5.822089761570827145e-03
6.241340018231540145e-03
7.333051685393257059e-03
5.465471066475369871e-03
6.655708311552534402e-03
5.625474066732737491e-03
7.020656044985941306e-03
3.267859154929577108e-03
3.989915449654111816e-03
6.893692748091602429e-03
2.291258211678831938e-02
3.488808330119552280e-03
7.194840887174541386e-03
5.530700514138817830e-03
4.580096069868994785e-03
5.945101832993889522e-03
6.910684039087946692e-03
5.715927505330489246e-03
8.781069023569024190e-03
5.093549848942597810e-03
2.779291866028708088e-03
3.117276632302405301e-03
4.238755387931034818e-03
2.532244131455398985e-03
5.977356373429084171e-03
8.492008397480755449e-03
4.096044303797468158e-03
5.161682752832563552e-03
6.455821018062396673e-03
4.909999999999999434e-03
1.776163959783449205e-03
1.277860950173812307e-02
4.689294217687074197e-03
5.216040955631398579e-03
5.994232736572888999e-03
3.255602140945583998e-03
6.010468603561386347e-03
4.626511891279727791e-03
1.036157608695652092e-02
1.535345297029703029e-02
4.469176658673060590e-03
8.751469957081543793e-03
7.507940854326395491e-03
3.806807359307359199e-03
6.813628691983122238e-03
3.326474358974359190e-03
6.856741877256317466e-03
3.151690674753600610e-03
4.917779799818016231e-03
3.062689173457508723e-03
5.556528925619834067e-03
5.657930549038009752e-03
4.601154071470415184e-03
7.734380549682874639e-03
3.862185089974292523e-03
7.164246031746031133e-03
6.600996491228069973e-03
9.308186215235790539e-03
5.546784140969162474e-03
8.442175208581644691e-03
5.457377370830607775e-03
5.465024975024975439e-03
2.598540425531914791e-02
7.239786910197868255e-03
5.364944799535153325e-03
2.262566308243727127e-03
1.687192429022081955e-02
8.870072551390568300e-03
4.877105666156201884e-03
8.139638761467889866e-03
1.266227408142998889e-02
6.846029023746700790e-03
4.859095163806552431e-03
4.601406355645706187e-03
9.598067954696868492e-03
2.667377593360995610e-03
3.705905130687318395e-03
2.124908916586768729e-03
5.094933333333332565e-03
5.069304504504504316e-03
5.699573143619386661e-03
3.715403868031853796e-03
1.729574773053033695e-03
2.381790333560244912e-03
5.328067632850241528e-03
1.039353834176722294e-03
4.518475191609519145e-03
2.884093567251461415e-03
2.708157377049180171e-03
5.167127659574467617e-03
4.173628668171557553e-03
6.713471749489448304e-03
5.141996557659207247e-03
1.709088785046728679e-03
3.698280542986425324e-03
1.379407561774337581e-03
2.001638418079096111e-03
5.211544419134395839e-03
5.053661016949152242e-03
1.139932840832773471e-02
4.490073821692220149e-03
4.293952341824157706e-03
5.491027295285359419e-03
3.258504551365409667e-03
5.658092909535452145e-03
1.296203480589022683e-02
3.556226635514018151e-03
6.372271604938271015e-03
1.544023195876288550e-03
5.006798542425819343e-03
2.162346996069623804e-03
2.796010869565217390e-03
7.135609756097559785e-03
7.487288135593219741e-03
6.358824049513703801e-03
5.245462735462735199e-03
4.270702928870292667e-03
1.244153225806451588e-02
8.365748663101604116e-03
5.383848920863309323e-03
3.260797720797720296e-03
3.362498220640569406e-03
6.615488372093022290e-03
4.979392523364485450e-03
5.069363110008271063e-03
3.689678160919539901e-03
5.111987179487178720e-03
4.964431077694234778e-03
7.667706708268330097e-03
5.253764705882352747e-03
6.752982583454280804e-03
4.081454287067740223e-03
2.902230130486358264e-03
5.570100633619082253e-03
6.997716018191005305e-03
4.683654982276486481e-03
1.927083946980853984e-03
3.424881178707223778e-03
7.343945386064028996e-03
8.538368237347293901e-03
3.677246553122465265e-03
9.686615008156606449e-03
1.194275449101796401e-03
8.616651660101294283e-03
8.139180327868852927e-03
3.092941176470588235e-03
1.591016060308095541e-03
4.358695090439275964e-03
3.029521800281293788e-03
3.049040501446480082e-03
3.543029022259791723e-03
2.823151335311572217e-03
3.729516500383729671e-03
7.323460925039871477e-03
1.286324278438030592e-03
6.117428115015974451e-03
2.897611001964636376e-03
3.677119509703778710e-03
4.532574349442378830e-03
4.551619348054678632e-03
6.260014814814814088e-03
6.593007518796992900e-03
8.783044596912521415e-03
3.544104817708333514e-03
1.085363162878787840e-02
4.955315101070154049e-03
8.724058469475493016e-03
4.936055401662049931e-03
4.883429530201342794e-03
9.540343869399097593e-03
4.683150943396226229e-03
1.435828849028400640e-02
2.949312101910827807e-03
5.814767441860464216e-03
4.504987908101571598e-03
3.193812580231065318e-03
2.914932170542635422e-03
6.937338034376376236e-03
2.753698275862068601e-03
2.321514767932489516e-03
1.014259117896522400e-02
5.572718223583459848e-03
1.430468521229868138e-03
2.307637093178778031e-03
3.790030487804877876e-03
6.390740078655701749e-04
1.046044167066730556e-03
7.219372900335946364e-03
2.588739789964994084e-03
3.456580817051509678e-03
3.920667714061272860e-03
5.754689655172413182e-03
4.394492497793468615e-03
7.494241792600312216e-03
6.205632716049382103e-03
9.306362515413068442e-03
7.405990783410138292e-03
2.247085987261146327e-03
5.960899854862118999e-03
3.893077809798270537e-03
4.881593886462882309e-03
3.388921348314606358e-03
1.050875211744776994e-02
4.752963252541047776e-03
3.655706385118149496e-03
9.186172695449239256e-03
7.089693581780537150e-03
5.114961928934009909e-03
3.954512683578104149e-03
7.971721789883267489e-03
3.730976027397260239e-03
6.127673378076061925e-03
1.726049090139653019e-02
2.107106652587117240e-03
4.106004140786749350e-03
2.695080789946140056e-03
4.701966426858512210e-03
4.836233703524867381e-03
8.071967828418230920e-03
3.972255054432348442e-03
2.224362606232294527e-03
5.303429003021147697e-03
5.030829535095715684e-03
5.256376210235130624e-03
5.207869415807560645e-03
6.586237623762375079e-03
4.760441319107661974e-03
3.710915697674418631e-03
4.447128353879622499e-03
1.295352337981952283e-02
5.352347740667976091e-03
3.726711327649207418e-03
1.149818831168831004e-02
2.607372330547817578e-03
4.968625954198472791e-03
1.036657074340527514e-02
5.492600195503421004e-03
5.313426240652617191e-03
4.697799847211612395e-03
6.935342093339375014e-03
5.566591179976161652e-03
6.176369863013697961e-03
4.750306513409961393e-03
6.956948282668771327e-03
3.555531850045717639e-03
2.207519083969465296e-03
3.289094844549389409e-03
5.205703097187611150e-03
1.325713051386993857e-02
4.968444444444443733e-03
4.554087812263436265e-03
5.887517504774028229e-03
3.922397679664840243e-03
5.639599999999999821e-03
2.116381239242684769e-03
6.578699481865284138e-03
8.606221662468513042e-03
4.481577889447235091e-03
5.957740585774058163e-03
3.747330886208704616e-03
3.425571507454444869e-03
6.088150984682711743e-03
2.561462131837306724e-03
4.538151376146788880e-03
2.968155929038281734e-03
4.111973278520040902e-03
3.740450555880631654e-03
5.038612487611495924e-03
1.698729676999783007e-03
3.196257040450588283e-03
3.830661600357621217e-03
3.915138028169013427e-03
4.886295319709953525e-03
1.259266975308642039e-02
3.805124340617934905e-03
2.866802492809203927e-03
6.710102933607822034e-03
1.170823529411764517e-03
2.993915022761760129e-03
2.181626686656671504e-03
1.879986230636833140e-03
3.937596952908586911e-03
7.798196721311474386e-03
6.547327887981329447e-03
5.719209215442092389e-03
6.185259611573522970e-03
3.569624060150375974e-03
6.308973312401883714e-03
5.107092511013214958e-03
3.526908471275559849e-03
1.677788583509513647e-03
2.917667322834645392e-03
5.959967302452314972e-03
3.460678098207326404e-03
2.489779735682819475e-03
8.307963895885808053e-03
6.682572864321607679e-03
2.087033195020746804e-03
3.858450020234722132e-03
2.701568954457985589e-02
1.369875621890547087e-03
5.436230133502860905e-03
1.586224627875507456e-03
6.279800766283524793e-03
6.020918599363347251e-03
1.561028744326777625e-03
2.042265452538631273e-03
5.405674267100976822e-03
1.609425895765472262e-03
1.220667593880389460e-03
2.729481424148606609e-03
9.069346707818929168e-03
7.983525322740813238e-03
2.876484018264839626e-03
5.280262697022766738e-03
8.271646382691006175e-03
4.940630272952852703e-03
6.274699738903394969e-03
8.517879185817464616e-03
6.342284697508896243e-03
8.785739682539681766e-03
4.535853413654618652e-03
2.606840052015604522e-03
4.391101465002713103e-03
5.377228003784295315e-03
2.280308539944903446e-03
3.537499999999999846e-03
2.391381048387096562e-03
4.995194714881780185e-03
5.798829961727720167e-03
7.655509190263288209e-03
6.613262064752595606e-03
5.744874060980998537e-03
3.688660933660933144e-03
5.041685393258426434e-03
6.337975103734438606e-03
4.021952110389610292e-03
6.046718206416699243e-03
5.589439318665719546e-03
4.877769718948321565e-03
9.105636363636360892e-03
6.046181579809897441e-03
4.513401084010840170e-03
1.232382963493199382e-02
2.599411209068009689e-03
3.501996879875194681e-03
2.700973847212663481e-03
2.923535988819007687e-03
2.457090543259557013e-03
5.451197156752712013e-03
8.320649038461538916e-03
2.391626898047722119e-03
9.994344512195121877e-03
2.390199386503067368e-03
1.321392797319932873e-02
5.679059859154928815e-03
7.048271454656116625e-03
2.585285087719297638e-03
5.730655870445343705e-03
6.394287917737788776e-03
3.758312883435582265e-03
4.031131305637982234e-03
5.363182640144665767e-03
4.424027149321266804e-03
3.479002607561929288e-03
4.296743002544529261e-03
2.501370399373531797e-03
3.248379629629629707e-03
4.811084010840107651e-03
6.317176535087718793e-03
1.151363948497853909e-02
7.731098556183301287e-03
2.422196692776327348e-02
7.598948863636363280e-03
2.441983471074380026e-03
5.234951310861423249e-03
3.735853894533139753e-03
4.516450236966824613e-03
2.850611729019211608e-03
3.946160156249999690e-03
5.533052866716306473e-03
3.683555045871559405e-03
4.549204693611473213e-03
2.256374384236453645e-03
7.159872543813063442e-03
2.256594202898550613e-03
1.111392769104354965e-03
3.933312987453372982e-03
6.806241830065358663e-03
3.946247054863682123e-03
7.541077586206895722e-03
2.076636686885588966e-03
9.975817831943552781e-04
2.332046879258653678e-03
2.555467455621301606e-03
3.118133110087902699e-03
3.180619517543859312e-03
3.470255443886096931e-03
4.484207203861863625e-03
3.731272812353766608e-03
6.575310472659868719e-03
4.143432835820895846e-03
7.002109144542773000e-03
4.336470160116448133e-03
3.335742042166184220e-03
3.639809273265372930e-03
4.584924934725847709e-03
9.873741362290227013e-04
6.882885398487491313e-03
5.714722439405785399e-03
8.408879202988790019e-03
2.948149456521738983e-03
6.686008849557521783e-03
4.038567208271786821e-03
5.436595602931379098e-03
3.221849942726231000e-03
3.326840062111801125e-03
6.917832532051281999e-03
5.228628081457662585e-03
8.485499999999999987e-03
6.730335429769390698e-03
5.556580844490215804e-03
7.710533333333331740e-03
3.179478756022776839e-03
5.822762284196546061e-03
5.051897524967433745e-03
8.877617021276595910e-03
3.313961493582263419e-03
3.769714964370546057e-03
9.190886363636362882e-03
3.423352396514161081e-03
2.377392172523961570e-03
8.951404494382022561e-04
1.464150032615785940e-02
6.370230316014996452e-03
4.615411392405063123e-03
5.995696784073506654e-03
1.149124300807955086e-02
6.261619818961410358e-03
1.862616496386743006e-03
4.558108270676691082e-03
8.717567700640079659e-03
1.271112391930835682e-03
8.341054913294797951e-03
5.985489313835769959e-03
1.069389423076922904e-02
3.336402128131234820e-03
2.609870398455811126e-03
3.326744553759662659e-03
2.821289926289926100e-03
1.688407775020678118e-03
3.458483316481293472e-03
9.617512787723783707e-03
9.166948051948051179e-03
4.685947906363336149e-03
2.629579380139152305e-03
3.038717235901509071e-03
2.825777166437414001e-03
2.704273356401383759e-03
2.653680688336520002e-03
2.815714285714285541e-03
4.620807351493271334e-03
2.721874999999999468e-03
1.976611927398444143e-03
6.503178594455189150e-03
5.472844793713162181e-03
4.010881636629323038e-03
4.994475597092418867e-03
4.405985507246376262e-03
2.701818742293464470e-03
3.341257328990227676e-03
2.597693767795001499e-03
8.203614072494667953e-03
5.994738120013873295e-03
5.022266492488569080e-03
5.872999257609501714e-03
2.755197740112994356e-03
5.229413580246913482e-03
5.061567034242599530e-03
6.039999999999999362e-03
4.119168224299064873e-03
4.683566375364127052e-03
3.663333333333333112e-03
4.666390816871328687e-03
6.221662606577343241e-03
1.313998035363457551e-02
3.892797202797202132e-03
7.099704999999999558e-03
9.478760330578511750e-03
3.554214659685864079e-03
4.787111247695144053e-03
5.219099678456590868e-03
3.338365437534396990e-03
4.530676117775354547e-03
5.893796354494029374e-03
6.920217699952673288e-03
6.892682926829268517e-03
1.548076923076922851e-03
9.475990016638933394e-03
1.048373119358074132e-02
4.127311909262759530e-03
7.913112582781456697e-03
1.508989578613502240e-03
4.956548323471399696e-03
2.993961442786069807e-03
2.296950105411103317e-03
1.876975354742344785e-03
2.501522778756606457e-03
3.440223229856992880e-03
2.824864864864864468e-03
2.963487538102922356e-03
2.710095238095238009e-03
1.611295210166177865e-03
2.887611821086261479e-03
4.052756702073848950e-03
2.131916780354706394e-03
2.112953054013124582e-03
3.784725615000860202e-03
1.461175518134714925e-03
4.683203389830508517e-03
6.645911546252531929e-03
3.114957264957265125e-03
2.833267725871472294e-03
1.238362542505885280e-03
3.617837588434327789e-03
3.603268660123259623e-03
1.729875000000000076e-03
3.071149694978883050e-03
1.720203665987779691e-03
3.299687760199832703e-03
6.978100582318686428e-03
1.165533932135728520e-02
6.505989537925020716e-03
2.301853910281857676e-03
2.203052995391704960e-02
3.839379005524861787e-03
4.401695999999999213e-03
5.416477815699658263e-03
6.777332730560577806e-03
5.154857954545454500e-03
9.364979508196719787e-03
4.782510091743118544e-03
3.728417663293468257e-03
2.835186008896077407e-03
3.057363128491619696e-03
1.663412797992471761e-03
2.782712215320910960e-03
3.788799489144316444e-03
3.188047404063205047e-03
7.804790764790764390e-03
9.138267581475126994e-03
5.848337744838538396e-03
7.550205438066465852e-03
6.905825242718446888e-03
3.665813106796116192e-03
8.074808978032473744e-03
2.605647058823529379e-03
6.286828820559888648e-03
7.117153284671532201e-03
5.128187919463086594e-03
5.304058898847631258e-03
4.400736342042755808e-03
3.571747110808973225e-03
6.114429123000550935e-03
6.270261096605743434e-03
1.747780068728522433e-03
4.701017459361829867e-03
3.311855524079320139e-03
9.722677322677322027e-04
5.063878542510120984e-03
4.473764434180137889e-03
3.795061861215707003e-03
1.049457068516912277e-02
5.348968379446639859e-03
3.489402985074626859e-03
2.627301992846192702e-03
4.484005952380952856e-03
5.896619104240982678e-03
8.138990825688072195e-03
5.302818471337579151e-03
3.214635278514588537e-03
5.606810466760960877e-03
3.206821044831418416e-03
4.884709517923361416e-03
5.050957004160886929e-03
6.352940647482013814e-03
1.434021110831867288e-03
2.407698476343223329e-03
5.928660205245152998e-03
2.109987250318741663e-03
5.894601769911503655e-03
9.064631147540982981e-03
9.870094668659689513e-03
5.890296874999999266e-03
6.808408679927667939e-04
4.426683826683826262e-03
8.788058194774347326e-03
3.001158383291432745e-03
7.243274094326725317e-03
1.957490589711417817e-03
5.281507731958762220e-03
3.709739507959478825e-03
3.126949685534590861e-03
3.397986516853932458e-03
6.399706070287539475e-03
5.095453895639741847e-03
3.874029262802475716e-03
3.276148949713557790e-03
3.709679533867442890e-03
4.207601654031702110e-03
2.277295522388059386e-03
8.605662650602408786e-03
4.493186662083190064e-03
1.509958828911253485e-03
2.866354679802955024e-03
3.211655290102389051e-03
5.290498084291187994e-03
2.559665206508134842e-03
3.836639247943595538e-03
1.529874353288987552e-03
1.107884451996601557e-03
3.930966816878328149e-03
3.497035845588234750e-03
2.703489640130861404e-03
2.986812379110251152e-03
3.530933609958505567e-03
3.228439897698208785e-03
3.152971246006389811e-03
2.165916666666666685e-03
6.629767441860464836e-03
5.893159722222221508e-03
5.832166525063720540e-03
3.493025773195876111e-03
4.297174808711006107e-03
1.647279635258358478e-03
1.690075093867334129e-03
4.557037625861154462e-03
3.407615571776156059e-03
2.899927007299269756e-03
4.833345132743362485e-03
7.384147727272727044e-03
1.228983717012914001e-03
3.987970933482391615e-03
5.673659206910089056e-03
9.421867677463818119e-03
9.346349453978159208e-03
7.444230769230768957e-03
7.127417336907953399e-03
4.365708955223880292e-03
4.276435024322445405e-03
8.343196824070203341e-03
9.633021230266738261e-03
8.105974877116329386e-03
9.819923896499237193e-03
6.846869300911852946e-03
5.676570779712338671e-03
6.066511318242344061e-04
1.320578898225956924e-03
4.251051004636784494e-03
1.400881777777777601e-02
5.533803363518757096e-03
3.255327731092436724e-03
3.178377952755905012e-03
4.274431372549019822e-03
6.847172995780590257e-03
6.956820040899794680e-03
1.373801916932907222e-03
1.290763556424034952e-02
2.278222530009233436e-03
3.404283413848631281e-03
8.390492483151892888e-03
1.476459802538787006e-03
5.683700396825397058e-03
8.040750176928519732e-03
8.331658195679795750e-03
1.600206176203451333e-02
6.921664766248573387e-03
1.195743180864456551e-02
5.685108695652173368e-03
5.631276396058188145e-03
2.228927875243664342e-03
2.188967001434720394e-03
2.088241666666666545e-03
5.792368275097060579e-03
1.665531192660550663e-02
1.385734124214933576e-02
7.345588673621459945e-03
3.910978324545986290e-03
1.507216174183514642e-03
3.191386054421768356e-03
4.202426988922456502e-03
6.000810928013876333e-03
1.075750561797752733e-02
4.474220064724919108e-03
1.603459770114942524e-03
7.212137126185266638e-03
3.482846517917511341e-03
6.218200224971878048e-03
8.242285156249999287e-03
5.991097134870719543e-03
4.598053691275167700e-03
1.577327988338192433e-02
7.697368421052631568e-03
4.841547876169905590e-03
7.776618852459015602e-03
5.289231536926147781e-03
2.532514285714285163e-03
2.240721167883211531e-02
2.880586579070858189e-03
1.074152202072538656e-02
7.735118694362017565e-03
8.533799795709909319e-03
2.400073170731706947e-03
1.643112526539277848e-02
9.059588638589617313e-03
8.353135914958238761e-03
1.746877394636015034e-03
5.434852844996729271e-03
1.158214326001127947e-02
3.063769860375541252e-03
4.633995394358087980e-03
5.460842892768078688e-03
8.925149581172716132e-03
5.593023255813953272e-03
5.495709261430246038e-03
5.384729214340197925e-03
3.950813432835820205e-03
8.780993533215755362e-03
4.434570243034972881e-03
1.522822652757078662e-02
3.859016715830875313e-03
1.503588299024918862e-02
1.094816768086544906e-02
4.552889054355919139e-03
6.821935483870967924e-03
1.581500607533413991e-03
2.142350364963503326e-03
8.622797288971039992e-04
2.886566137566137433e-03
5.752801189885969240e-04
1.314640198511166005e-03
3.475966228893057758e-03
6.467814336075205540e-03
3.137373304782298516e-03
5.330885922330097330e-03
1.218773125608568503e-03
3.963510848126232606e-04
7.286472690148035076e-04
6.565061247216034609e-03
6.637777777777777166e-03
1.638289676425269551e-03
3.366055861193398020e-03
1.087195306585919674e-02
5.223073089700996582e-03
6.766971916971916030e-03
6.127592954990214794e-03
1.078523858921161607e-02
9.438624561403506641e-03
7.851469849246230440e-03
5.324224683544303421e-03
4.577452830188679170e-03
1.129339776951672827e-02
4.903351498637601932e-03
5.853652173913042808e-03
5.861594784353058550e-03
6.594516129032257888e-03
5.664263074484943497e-03
1.185257945647167147e-02
1.122143230869849378e-02
4.870956521739130268e-03
9.243644067796609552e-04
8.292917620137299495e-03
7.376737662337661677e-03
3.139568965517240944e-03
1.228425670186839881e-02
3.594659711872826360e-03
1.840401493394600713e-02
1.426487532244195833e-02
1.167141414141413883e-02
6.658466833541927359e-03
8.245484400656814122e-03
8.680252555622368707e-03
5.327151898734176728e-04
1.312671140939597123e-02
4.092912147505423440e-03
8.421182070606901549e-03
5.063066528066527752e-03
5.667078124999998939e-03
2.084310427679000530e-03
4.161209829867674494e-03
1.158015547263681506e-02
6.813487241798298413e-03
1.230815573770491743e-02
2.330924057355283994e-03
6.850705818965517266e-03
1.918376068376068545e-03
8.380863039399624737e-03
4.268074712643677750e-03
3.399077608142493309e-03
5.762528111671189925e-03
9.683287292817678582e-03
9.274616477272725965e-03
5.241128622267412357e-03
1.712568892045454247e-02
7.667168141592919928e-03
1.213030393996247618e-02
7.202415026833631009e-03
4.869341317365268734e-03
7.874049815498154400e-03
3.900604395604395820e-03
3.465133876600697861e-03
3.618691184424012788e-03
4.166660567246111176e-03
4.988485875706214975e-03
2.962059880239520555e-03
1.515164645820038167e-02
5.368458610846811932e-03
4.748484162895927514e-03
7.393041919470490567e-03
9.837956903431761824e-03
1.024512071156289533e-02
8.658915537017725095e-03
8.189471915506479904e-03
3.053792727272726902e-03
4.975934242181234701e-03
1.241371428571428574e-03
7.541595744680849867e-03
1.289398099260823712e-03
3.891781857451403689e-03
2.269237704918032703e-03
2.259780313837375220e-03
5.175912457912457479e-03
4.277507975895072923e-03
9.712212643678160701e-03
2.193555555555555189e-02
5.827505713352921189e-03
7.880426309378804964e-03
4.500024319066147672e-03
5.385740149094781631e-03
4.474822580645160253e-03
4.290173697270471820e-03
5.874993518278454237e-03
6.721123595505617328e-04
5.219790459206419611e-03
8.667928891957197429e-03
1.809768924302788615e-02
7.988636796949475510e-03
5.138845428840715934e-03
6.477101883561642987e-03
8.340820288040074956e-03
6.716537971998301146e-03
7.683581267217631794e-03
5.857657196087563342e-03
6.801386599785023274e-03
1.169014035087719353e-02
9.372250372578241201e-03
9.682042594385285861e-03
8.929656311962987786e-03
8.226686182669789432e-03
6.272189863842661528e-03
7.651921797004990547e-03
4.629502943100064806e-03
2.927580008768084288e-03
3.712649613899613593e-03
8.865305403288958191e-03
8.373455549974886947e-03
6.022561933534742624e-03
7.598521444695258489e-03
9.361155512758786296e-03
7.094123222748814975e-03
6.849630365659777412e-03
7.490493441598999533e-03
8.302069950035687734e-03
9.908380462724936111e-04
6.283356807511736655e-03
6.146437744276939813e-03
9.922566735112936520e-03
4.186126775956283685e-02
4.903922716627633765e-02
4.762366155660377465e-02
3.608235246564267529e-02
4.819939974457215781e-02
4.573125340599454303e-02
3.770859985785358394e-03
9.658416435826407478e-03
6.796942386831275607e-03
1.060605226960109962e-02
2.760911664779161848e-03
6.781302325581394647e-03
9.092748858447487897e-03
6.442952741020793392e-03
3.653023909985935163e-03
3.508679365079364967e-03
1.026232913669064550e-02
1.219023523523523472e-02
1.146748229740361669e-02
9.332182235834610151e-03
4.986921790046006109e-03
5.733137973137972243e-03
1.040479623824451354e-02
6.168295376121462822e-03
1.359144632768361644e-02
5.985363372093022681e-03
1.304205416813225375e-02
1.455103092783505137e-02
8.041203643461287964e-03
1.366000657030223137e-02
4.453612763656029927e-03
2.431734458940905744e-03
4.208558060399829499e-03
3.930846388606306849e-03
3.932360277136257715e-03
5.497494356659141795e-03
1.395667655786350311e-03
5.706797257590597722e-03
1.639412345679012355e-03
3.266776379477250719e-03
2.845241216570528961e-03
2.956243713733075137e-03
8.221400454201362520e-03
2.360654545454545471e-03
1.126453744493392112e-02
5.694635055940329600e-03
2.983667366211961974e-03
8.944887218045111804e-03
1.196874089490114479e-02
1.333146106133700900e-03
3.218931286105198956e-03
1.841448840381991730e-03
1.750901462174189131e-03
1.449997251992305456e-03
2.322806080525883013e-03
2.447622099730803469e-03
3.300186746987952054e-03
3.841995812979762462e-03
3.888168951791243048e-03
9.673984098939927487e-03
9.210740343347638762e-03
1.063884691848906473e-02
4.745878510777268820e-03
2.913216783216782818e-03
9.205115332428764896e-03
1.003445255474452562e-02
7.626404543468762870e-03
4.416819672131147394e-03
4.797985675917635501e-03
3.844178027265436615e-03
8.139377859103383642e-03
6.869385425812115156e-03
5.706982622432859795e-03
5.119139878366636351e-03
8.026992840095465570e-03
3.857895271987798243e-03
3.420596125186288992e-03
6.922514534883720053e-03
2.393957654723126785e-03
7.024613800205973396e-03
6.856195995785036718e-03
5.548868101028999605e-03
4.987445510026155063e-03
8.116618457300274828e-03
4.427346278317151849e-03
6.812982905982905429e-03
3.639589905362775567e-03
4.788962264150943213e-03
4.642561403508771445e-03
7.111127682793742626e-03
5.388174807197942950e-03
6.781871921182265096e-03
7.096350364963503396e-03
5.431518828451881511e-03
4.767786220871326856e-03
3.859306993450242924e-03
1.065737435008665482e-02
7.727000394166337952e-03
9.550885416666664990e-03
6.147843567251461139e-03
9.403761391880694626e-03
2.043984641638225182e-03
4.419809668823753562e-03
7.731430678466075929e-03
7.105529715762273421e-03
5.131035422343323445e-03
5.895151631477926757e-03
8.586037934668071595e-03
5.919956500724987171e-03
8.297558510638297288e-03
7.333558346415489614e-03
6.319541795665633774e-03
3.913491027732462872e-03
7.592210781344638573e-03
4.056330005871990746e-03
6.667323529411763733e-03
4.944030612244897441e-03
5.656642823080591451e-03
6.402800829875518289e-03
6.615371900826444787e-03
7.331738173817381465e-03
9.300663942798773759e-03
3.498312189740760813e-03
4.311798245614034686e-03
8.137710937500000630e-03
5.049610274579273764e-03
5.263700823421774838e-03
2.470721129601613671e-03
6.125230885692656974e-03
3.086800334168754521e-03
3.113536060279870586e-03
1.805129353233830792e-03
5.965848794063078470e-03
9.953824662813099550e-03
1.723254012174875276e-03
5.616321601104209450e-03
3.364047619047618506e-03
3.603492484526967399e-03
4.943745019920318257e-03
3.727162408759123781e-03
3.927970240366272271e-03
6.353197860962566529e-03
1.585385714285714176e-02
2.956854783207157195e-03
6.304892665474060715e-03
2.830549397590360720e-03
4.223701216953419484e-03
1.046471885336273423e-02
2.739541627689428931e-03
2.804983202687569895e-03
2.354060370009737092e-03
1.966019032513877714e-03
5.115580601092895724e-03
1.390725469728601059e-03
2.845875641756988143e-03
1.364924086223055083e-02
6.724664224664225580e-04
6.734278947368419616e-03
3.186824742268040862e-03
9.366480362537763643e-03
3.080082872928176837e-03
5.643283870967741311e-03
8.792310030395135423e-03
6.760153609831029073e-03
7.198567818028642554e-03
2.541043285238623727e-03
3.125606060606060492e-03
3.626759999999999706e-03
4.212693050193051097e-03
6.699428571428571455e-03
2.757179732313575458e-03
6.031140350877192691e-03
3.897302823758520222e-03
5.148722592945662729e-03
1.757333333333333403e-03
3.242600760456273469e-03
1.216925155925155898e-02
4.930982355746304363e-03
6.329723809523808871e-03
3.326732984293193605e-03
7.628480243161093674e-03
5.607266187050359216e-03
4.638615196078431716e-03
2.334544217687074558e-03
1.516117836965294365e-03
1.396966560509554055e-03
4.211956315289647895e-03
3.910224358974358390e-03
1.692792035398229958e-03
4.535077220077220542e-03
7.937198404785641981e-03
7.479283387622149420e-03
1.052365038560411142e-03
1.075175224123879440e-03
3.158142403947831849e-03
4.930232052211746749e-03
5.930957781978576232e-03
9.147769784172660873e-03
4.153474714518760012e-03
9.408911475409835468e-03
3.012607204116637700e-03
3.057656826568265832e-03
4.488049957422650740e-03
2.094477825464949837e-03
2.780430825242717879e-03
3.021856392294220393e-03
3.638476903870161740e-03
2.065180240320427414e-03
1.136114754098360713e-03
5.964280254777069856e-03
6.490638297872341339e-03
3.734068002428658078e-03
6.233942857142855953e-03
2.322568472306755887e-03
2.944822961373390335e-03
8.528173216885006486e-03
4.678237499999999757e-03
7.274987212276214955e-03
1.086680831826401274e-02
8.943345221112695975e-03
1.336995073891625654e-02
1.342346270161290205e-02
1.030429467084639263e-02
2.235212947189096910e-02
1.580339943342776339e-03
7.125225806451611875e-03
1.121228183118740812e-02
8.431749460043196781e-03
1.086906054279749428e-02
3.562803203661326756e-03
5.034242424242423714e-03
4.670942446043165053e-03
4.329745222929936091e-03
6.022453653217010525e-03
1.937331420373027222e-03
4.165832502492522807e-03
1.182196165191740436e-02
1.617650717703349172e-02
7.819079283887466966e-03
8.953209809264305041e-03
1.199338862559241534e-02
7.895805422647528618e-03
4.271599638499773074e-03
2.564965933725611800e-03
8.647021924482339167e-03
9.835633074935399775e-03
4.525978028684772385e-03
5.187417601087325469e-03
8.267688654353561387e-03
9.333694545454546132e-03
7.119451601030548846e-03
5.438590803837247724e-03
7.743172628304819186e-03
6.217661097852028758e-03
2.806671802773497582e-03
8.639635949943116899e-03
5.218233944954128040e-03
5.281470019342359226e-03
5.932372593431482766e-03
1.996466531440161968e-03
4.267742873763816225e-03
9.947848426461142896e-03
7.224586677367575947e-03
5.645319956616051335e-03
8.121284137129574504e-03
4.593050749711648229e-03
1.000132224861440856e-02
1.195259884495779648e-02
1.175589625537139249e-02
8.892609846479618274e-03
1.201352791878172385e-02
4.714318801089917819e-03
7.020908394020697330e-03
3.936402959590209680e-03
4.105515021459227309e-03
8.672550025654181260e-03
7.160460251046024682e-03
1.224517857142857005e-02
1.132892857142856965e-02
6.991332123411977961e-03
4.870799670239076354e-03
8.538350332594233510e-03
2.051390804597701123e-02
2.710738255033557070e-03
9.826371599815583030e-03
1.261971386647101935e-02
6.879348591549295198e-03
1.068531660692951038e-02
1.692850364963503426e-02
1.203823052959501587e-02
8.547001713306679599e-03
1.050620302072356738e-02
5.606144859813083983e-03
8.958717735220649708e-03
9.665437665782494053e-03
1.203786462530217517e-02
1.408660067114093917e-02
2.420674272675413588e-02
1.446372122762148126e-02
2.175941385435168837e-03
7.538858784893267412e-03
5.803701923076921843e-03
7.119221394719024189e-03
8.548645484949830842e-03
6.878370457209848077e-03
6.093164310092636336e-03
1.050878450363196097e-02
7.847704918032785693e-03
1.021763952046300140e-02
8.775311827956988608e-03
1.285311347121296729e-02
6.542756521739129597e-03
4.315141643059489975e-03
4.489959977129788504e-03
3.097648612945838771e-03
2.568378854625550517e-03
8.944999999999998092e-03
5.077550000000000119e-03
5.605586446568200897e-03
1.244278438030560312e-03
8.937015362106803503e-04
4.346755755490870274e-03
1.886251402918069815e-03
6.035462459194776072e-03
9.090827868852457971e-03
7.629475409836064537e-03
2.909757150566648354e-03
5.385750778816198944e-03
6.514800683371298196e-03
1.022053237410072007e-02
7.207442084942084284e-03
5.876392674616693484e-03
8.083580756013744595e-03
7.208127934272300086e-03
3.702335329341316979e-03
3.906905503634474849e-03
7.706748654880859854e-03
5.464647636039250342e-03
5.484960578186596353e-03
9.692765773552290687e-03
7.939405469678952054e-03
7.324999999999999047e-03
1.126383507853402979e-02
4.252253384912958387e-03
1.072307966706301935e-02
8.727966488956587221e-03
8.115072463768115141e-03
7.499798994974874421e-03
7.952104208416833908e-03
2.991011772853185632e-02
6.768262124711315643e-03
7.146687861271676032e-03
4.686802860061286408e-03
6.065166666666665755e-03
6.152885662431941197e-03
6.662307692307691334e-03
8.422778345250254289e-03
4.429770279971284412e-03
4.802921511627906634e-03
5.376753640776698803e-03
9.875527638190953472e-03
8.091449704142012617e-03
9.085640612409346187e-03
6.278469387755102396e-03
9.576950053134962448e-03
6.354035476718403533e-03
2.144089985486211450e-02
1.414581709145427274e-02
6.764534360950544625e-03
9.053906899418120297e-03
5.526177105831532078e-03
7.252249770431587993e-03
7.762527075812273962e-03
9.526797385620913716e-03
7.086583541147131043e-03
1.844041053921568335e-02
8.995049151027702250e-03
5.881829495955195192e-03
5.355750782064650287e-03
8.687943737441392728e-03
3.495067750677506840e-03
1.819323968393327193e-03
9.230231213872831103e-03
6.073329369797858708e-03
6.660302013422818301e-03
1.844678610206297240e-02
7.064516129032256953e-03
8.629719806763283887e-03
9.369088277858176814e-03
6.585859213250517402e-03
3.834249649368863880e-03
5.470423649906889889e-03
9.436445205479451065e-03
8.330920634920633769e-03
7.523818493150685044e-03
6.088722334004023629e-03
6.379763196842623899e-03
4.883856829802775759e-03
2.960778267254038192e-03
8.175585664335663708e-03
1.086740713224368382e-02
1.010240975609755926e-02
7.198104693140793334e-03
4.780133630289532150e-03
8.842310469314079713e-03
8.324941520467834394e-03
1.223302083333333359e-02
6.930381619937692542e-03
3.626749302757978702e-03
3.630816962146622175e-03
4.459852664576801837e-03
5.110838141512297900e-03
4.963832236842104575e-03
6.475301724137931189e-03
1.996793950850661407e-03
3.701644425616041137e-03
7.214858199753391554e-04
3.229445371142618433e-03
7.212075471698112077e-03
6.745405209840809983e-03
6.574113989637305616e-03
3.825734265734265227e-03
8.782181724845995741e-03
2.428692307692307921e-03
3.506478241363839878e-03
1.646940639269406240e-03
1.331893124796350563e-03
5.374989043097151004e-03
5.239138401559453179e-03
4.311227378867484201e-03
1.048615615615615393e-02
3.406506431273643651e-03
4.849527702089009504e-03
1.151434287685408620e-02
8.311851106639837894e-03
7.932834101382487194e-03
1.277215284249767074e-02
7.717764397905758043e-03
5.325360253365003793e-03
1.371583904109589108e-02
2.813206442166910678e-03
4.770393325387365865e-03
6.507859327217124443e-03
2.763255813953487995e-03
7.411820128479656988e-03
1.651667999999999886e-02
1.109638338054768497e-02
4.559147104851329381e-03
1.560521138211382053e-02
6.105927189988622633e-03
1.538673020527859051e-02
9.917802907915992255e-03
1.348883605393896498e-02
1.374337952270977652e-02
9.545145493257627123e-03
5.978748615725359462e-03
8.267254437869821920e-03
6.310342429106473479e-03
5.835649163300634344e-03
8.230182584269662982e-03
6.108062663185378181e-03
3.897191489361701705e-03
3.357244534824606157e-03
7.724825102880657386e-03
9.126444444444443971e-03
1.242748644986449783e-02
6.988864985163204500e-03
7.965577299412916062e-03
9.519654335961188346e-03
2.847422096317279994e-02
7.403952095808383031e-03
7.366038592508511972e-03
1.134712548015364905e-02
5.343321033210331888e-03
5.045349932705248293e-03
3.356477584629459932e-03
8.142128637059722895e-03
6.546328611898016327e-03
3.069440145653163244e-03
2.606736760124610513e-03
7.002171641791044530e-03
6.030248552945182035e-03
5.097805695142378080e-03
4.889254050749006555e-03
1.530445008460236747e-02
1.223336643495531381e-03
2.273559087767795285e-03
3.458243992606284227e-03
4.232935064935064440e-03
3.702934734997809316e-03
1.487292452830188579e-03
4.003104238258876554e-03
9.424933717579249415e-03
8.136595477386933742e-03
4.838254716981130882e-03
1.662941502463054222e-02
9.719678735339111475e-03
3.742093023255814097e-03
3.085171339563862539e-03
4.151698841698841375e-03
5.740572307692307606e-03
2.150654720882150088e-03
2.195947704081632409e-02
4.097889045604137179e-03
4.054870588235294157e-03
6.702033898305084433e-03
7.035098425196849997e-03
4.383490122295389396e-03
3.588705035971222722e-03
3.657228221742260185e-03
9.412521268368135088e-03
5.720345188284518129e-03
3.096401673640167447e-03
8.568219999999997921e-03
1.958069738480697382e-03
3.542995951417003946e-03
3.039107824427480804e-03
8.654737960339942138e-03
7.239660734149054241e-03
5.533546617915904506e-03
6.765398172323759153e-03
5.980571939231456129e-03
1.032080054274083988e-02
5.441448382126347696e-03
2.545197740112993805e-03
4.435855920114122747e-03
8.752734254992318788e-03
2.268370072992700534e-02
9.007363861386138634e-03
9.841921936758892681e-03
1.082975183823529225e-02
3.131585858585858324e-03
7.471165594855305736e-03
5.889893617021276298e-03
6.103701466781707476e-03
8.356826923076923416e-03
4.355484606613455392e-03
4.550324464633354049e-03
3.054747899159663757e-02
1.469591570881225925e-02
3.272281639928698721e-03
4.896530303030303607e-03
2.923223241590213947e-03
8.281195097037794342e-03
7.841433591004916964e-03
1.235688269951794186e-03
7.073005050505050059e-03
1.345370879120878988e-03
4.306660079051382976e-03
3.864843145681134441e-03
5.949510869565216575e-03
1.826014271151885603e-03
3.959654157468727245e-03
1.540716136631330863e-02
3.996051632498101233e-03
9.000581437341999974e-03
9.933212698412697758e-03
1.044821880650994433e-02
1.261922914466737100e-02
8.050673796791443099e-03
4.018095238095237276e-03
4.960954356846472568e-03
4.998812600969304749e-03
1.168363481228668760e-02
2.034586815227483296e-03
3.677152530292230638e-03
2.746781609195401812e-03
5.747382039573819580e-03
4.130189573459714866e-03
2.963721739130434699e-03
5.229407236335642181e-03
3.558410714285714475e-03
2.615434343434343712e-03
1.387132587859424889e-03
2.639002123142250404e-03
2.024090909090908979e-03
2.341893175074183722e-03
9.849342560553631803e-03
2.987497886728656196e-03
1.222554693013408640e-03
1.043894557823129123e-03
4.171845637583892347e-03
1.500115740740740663e-03
2.251039094650205460e-03
5.720135135135134309e-03
2.763267759562841250e-03
3.507600860677783424e-03
3.288520992366411773e-03
5.297194244604315830e-03
9.749870246085010767e-03
5.478415446071903741e-03
3.767894389438943697e-03
5.203479338842974949e-03
2.767961432506887282e-03
3.263393177737881554e-03
4.057659906396255713e-03
1.252314214463840381e-03
2.467711297071129451e-03
1.912660961695191635e-03
9.404034090909089635e-03
2.158988621997471029e-03
2.864880952380951867e-04
2.670616142945163307e-03
4.302755941499085413e-02
2.090625059101654595e-02
4.534343434343434190e-03
2.329514218009478502e-03
7.747411003236246395e-04
1.652924137931034276e-03
1.199003623188405745e-03
4.199040444091989982e-03
1.644410312671420668e-03
5.598636363636362925e-03
6.263357746478872418e-03
2.350433179723502436e-03
7.975487910189982266e-03
5.053522205206737415e-03
4.322971887550200107e-03
6.201112618724558510e-03
3.979974554707378827e-03
3.478670033670033454e-03
3.166726768377254100e-03
2.028395368072787204e-03
5.066913210773835163e-03
6.914886899151742941e-03
5.685550935550935485e-03
4.494089422028352959e-03
2.450178041543026302e-03
5.538957219251336439e-03
5.492740286298567615e-03
6.973157894736842569e-03
1.953367208672086679e-03
1.939894106813996183e-03
2.372709437963944380e-03
1.671557155715571678e-03
2.192713347921225030e-03
3.729526476578410785e-03
4.918113831899403529e-03
6.056689437729899719e-03
5.432194665418810763e-03
3.826673407482305330e-03
1.184922341696535144e-03
4.371659751037344256e-03
1.982660984848484687e-03
7.384644760213143408e-03
2.222661870503597065e-03
4.112924528301886186e-03
2.565663811563168809e-03
7.988746618575293112e-03
5.236004842615011451e-03
5.199338521400777985e-03
2.289483282674771754e-03
3.575160662122686944e-03
5.349170124481326602e-03
3.685246224556795996e-03
6.276454099509460455e-03
5.562434127979925050e-03
9.403326403326403137e-04
7.507619680851063994e-03
5.426583732057415135e-03
5.391050308914385920e-03
5.212126914660831535e-03
1.164648320895522379e-02
6.254760589318600697e-03
4.489912190082644486e-03
4.940667752442996080e-03
3.362030586236193063e-03
8.520589473684210199e-03
1.539044414535666039e-03
1.654055265123226303e-03
1.337783735478105442e-03
4.771330357142855930e-03
5.448106129917657664e-03
4.983692838654012192e-03
4.505720802919707668e-03
2.344384583506008840e-03
1.933663086489541836e-03
7.648838612368024162e-03
8.456066705002873718e-03
4.207955198161974879e-03
1.885255070682237150e-03
4.330638297872340010e-03
3.092777448071216094e-03
4.796984205330701023e-03
2.232191919191919317e-03
5.812917316692667660e-03
3.927678321678321552e-03
3.765704738760632022e-03
1.751761442441053963e-03
8.450512163892445056e-03
5.629611699445284320e-03
3.779437621202327065e-03
6.586565113500596896e-03
4.712853219407994732e-03
4.416106362773029870e-03
4.539461406518010070e-03
2.838486766398158785e-03
2.755121293800538718e-03
1.240521121200157621e-03
2.298246844319775002e-03
5.323937888198757538e-03
6.612895500725688921e-03
4.904024352169840048e-03
6.691383203952011062e-03
3.845696418419556391e-03
2.663509641873278155e-03
4.203076923076923092e-03
9.313284054910241083e-03
2.371739130434782211e-03
3.679069343065693130e-03
4.615888099467139669e-03
2.523069306930692847e-03
3.928404255319148559e-03
8.061374999999999097e-04
6.503248847926267062e-03
4.834731034482758760e-03
3.355835475578406672e-03
2.352578836720392759e-03
5.537345517841601138e-03
6.304658682634730303e-03
5.678307849133536547e-03
4.818876923076923641e-03
4.769337295690936375e-03
9.705582973473163982e-03
5.315697290152015565e-03
8.294736091298144862e-03
5.510753275109169999e-03
2.932999999999999843e-03
3.829044635865308521e-03
6.084474178403754749e-03
1.159453651685393022e-02
3.442768635043561704e-03
5.837618170656843838e-03
7.169522821576762572e-03
6.921066599899849438e-03
8.044458438287153956e-03
5.871448808757243065e-03
1.081650891210817270e-02
4.821648492623476293e-03
5.914687216681776757e-03
5.759154488517744322e-03
9.613816272965878054e-03
7.266822142491030298e-03
5.401492647058823114e-03
4.185844074190505498e-03
1.502919825978868765e-02
5.322011428571428102e-03
6.151439214358278389e-03
7.571533795493932961e-03
3.641388360593381286e-03
5.649089324618735905e-03
8.715490699166132324e-03
6.282444082960552366e-03
4.002126607319485448e-03
8.838216845878136066e-03
5.251678411274823301e-03
4.871218749999999681e-03
7.960143575017945838e-03
4.730983698707138391e-03
5.660579567779959985e-03
5.134007575757575624e-03
7.516817777777777369e-03
5.520246031746030638e-03
5.797550822846078873e-03
9.359993002099369769e-03
6.257463414634146029e-03
6.742882744495647812e-03
6.915489450017294620e-03
9.037960725075528529e-03
9.311426914153131049e-03
7.780769230769229994e-03
4.799252636405317712e-03
3.003273067331670501e-03
8.782586094866795187e-03
4.399222842421639766e-03
3.382337662337662164e-03
4.821833480956598528e-03
4.544298801973220038e-03
1.767298524404085957e-03
4.321047794117646376e-03
3.604512743628185759e-03
5.065602493074791712e-03
1.255708774583963634e-02
6.673476245654692135e-03
5.012801771871537929e-03
6.115611205432936251e-03
5.132010424422933648e-03
3.427204923968139080e-03
3.462040572792362582e-03
6.664514066496162598e-03
1.124621993127147661e-02
8.195059894585528248e-03
4.614653937947493789e-03
3.751807387862797234e-03
6.982590847913862711e-03
6.027877358490565420e-03
8.312758122743681491e-03
1.044101289134438323e-02
4.525245518316445108e-03
7.256909581646423489e-03
7.348605527638191193e-03
5.771813246471226011e-03
1.042667048054920012e-02
8.592873210633945186e-03
7.795969581749049790e-03
6.992068965517241400e-03
8.918998935037272466e-03
1.116131128848346643e-02
7.131124223602483721e-03
5.862907072368420819e-03
5.157247706422018324e-03
2.359650088809946492e-02
1.062976377952755923e-02
9.383918669131238038e-03
4.375763482781025622e-03
5.571896929824560890e-03
9.419828203292769653e-03
3.890496453900708484e-03
7.849548218940051447e-03
5.885048543689320490e-03
1.917016331658291314e-02
9.895267379679143285e-03
9.854410256410256821e-03
1.019180918727915185e-02
9.025647226173541190e-03
5.573987022350395705e-03
5.380146938775509299e-03
2.839081309398099398e-03
9.045465884079235963e-03
6.747040244523687912e-03
5.402701726214370961e-03
2.362514677103718166e-03
7.726974951830442757e-03
8.528031854379976642e-03
8.622750185322460709e-03
4.800769641902725288e-03
6.177726931732933566e-03
7.793013937282229804e-03
6.038080168776370840e-03
6.388228571428571263e-03
8.381173368490441727e-03
3.592771832930617519e-03
5.999585006693440060e-03
7.304007177033492414e-03
3.723839190628327848e-03
6.833907531692766379e-03
4.136427514792899093e-03
2.937839433293978637e-03
3.555400108873162449e-03
8.420646332607115842e-03
1.022212136929460426e-02
3.723280166435505821e-03
1.466925696594426932e-02
7.298927173061862776e-03
4.992295081967213291e-03
5.940710743801652302e-03
8.287747641509433938e-03
1.160857911733046213e-02
1.069402537485582456e-02
6.288830242510697749e-03
1.221125484120836463e-02
5.615735003295979112e-03
1.067553252323088023e-02
5.542838461538460680e-03
4.482897526501766240e-03
1.102535740072202106e-02
9.180059701492535029e-03
6.924138418079095469e-03
9.191032504780113563e-03
8.659727653631283523e-03
6.386866223207686433e-03
1.221090852520223882e-02
7.176107784431137379e-03
6.452320610687022756e-03
8.939754948162109000e-03
7.011882686849574275e-03
5.853395797842135193e-03
7.626951768488745599e-03
1.047624208304011144e-02
1.075387917329093806e-02
1.213265135699373790e-02
9.389131483715319748e-03
1.209293357933579303e-02
1.541615846338535364e-03
4.678111860372867123e-03
2.680076877587225966e-03
2.055347721822541746e-03
6.877633668607727527e-03
2.998161143599739793e-03
5.519772888573456181e-03
7.319592061742007105e-03
5.748412563667232300e-03
1.020523107177974398e-02
8.545390720390719230e-03
7.464732824427481109e-03
8.529266233766234426e-03
8.657675070028011260e-03
4.910650994575044628e-03
6.302835606604450386e-03
5.103604135893648197e-03
8.594830970556160965e-03
5.644778138528138214e-03
1.993847619047619136e-03
7.606251018744906306e-03
1.486917721518987018e-02
3.354671052631578824e-03
7.485889175257730982e-03
5.345294924554183646e-03
1.336564250411861540e-02
9.548363926576215743e-03
8.309302857142856005e-03
1.118248291571753879e-02
2.188689839572192323e-03
8.020370912640311170e-03
1.490304154302670575e-02
9.652702702702702434e-03
4.706752021563341201e-03
6.018488700564971275e-03
3.245758323057952848e-03
3.165764847030593399e-03
1.891201072386058946e-02
7.941264294790341405e-03
8.717138324873094715e-03
5.202184389732843542e-03
9.467127096204765169e-03
6.509637243047159197e-03
5.505927601809953303e-03
7.150759930915371286e-03
6.446277641277640622e-03
5.354610609480812272e-03
1.684391449565798143e-02
8.848613333333331388e-03
6.786182298546895517e-03
7.317722147045555882e-03
3.820770318021200762e-03
6.498870636550307597e-03
6.612049934296976642e-03
2.661887115165336402e-03
1.304180327868852476e-02
1.096774308019872121e-02
2.140592417061611130e-03
8.373128997867802792e-03
8.648724884080371406e-03
8.784039603960396014e-03
6.652331288343558274e-03
8.454863883847548930e-03
1.255346551724137796e-02
6.920530152418820011e-03
7.395557377049178857e-03
6.378534482758621213e-03
8.355557491289198127e-03
7.893814432989689975e-03
7.284734774066796946e-03
1.342025229357798194e-02
9.318377518557793143e-03
4.492335581787520148e-03
7.319917035398229924e-03
8.638876651982378002e-03
6.876604790419162117e-03
8.811480339244410348e-03
7.696687931951089884e-03
5.353722826086955780e-03
6.397257812499999516e-03
7.592884462151393808e-03
8.132118353344769054e-03
7.363218390804596950e-04
1.321005415162454684e-02
7.303418803418803597e-04
9.585499999999998536e-04
4.656968215158923709e-03
1.960797610313384266e-03
6.995833333333333071e-04
1.203119815668202489e-02
3.042810909090908848e-03
5.695944444444444449e-03
1.494247592847317702e-02
1.161261810313739609e-02
1.627936762225969461e-02
5.985190575190575332e-03
2.470416963649323117e-03
5.044078762306610647e-03
3.775665051157781234e-03
1.826229385307346319e-03
2.314840098400983842e-03
5.380362929358391971e-04
2.201441666666666911e-03
1.935179887299523114e-03
1.468600252206809500e-03
5.493117593436644928e-03
7.987640449438201343e-04
1.419921453692848598e-02
4.096575630252100378e-03
9.949230769230770540e-04
2.489541115788225425e-03
3.169570132772445842e-03
3.765760993951283199e-03
3.790853254873115079e-03
4.729732069249793780e-03
4.875081967213114147e-03
2.648637630662020563e-03
2.606237062243017127e-03
2.382605353466025859e-03
3.066753401360543946e-03
2.510084678486371786e-03
2.180875139353400001e-03
4.665333935018049771e-03
3.418842975206611273e-03
1.516316082747091922e-03
4.130924431401320276e-03
2.133204994797086376e-03
5.411822849807445060e-03
2.665439628739537346e-03
3.130689052116124652e-03
2.796162057253759933e-03
2.074835714285714477e-03
1.872716847627180648e-03
1.578483165567511190e-03
2.434961748633879524e-03
1.696255673222390190e-03
2.700547282204020759e-03
5.055423728813558844e-03
4.692210109018830032e-03
6.236182014001076176e-03
5.289505119453924951e-03
8.190797702616464671e-03
4.139058413251961444e-03
8.447682728749322800e-03
7.772149234693876210e-03
5.041058617672790690e-03
8.134174508126604253e-03
5.430706231454005689e-03
4.092755768393557120e-03
5.532663043478260219e-03
3.018969404186795397e-03
4.027457962413451796e-03
1.047302644466209520e-02
5.982799638172772022e-03
6.466200973375321390e-03
9.797890422778256919e-03
6.413467741935483489e-03
1.950151017728167903e-03
1.270372727272727105e-02
5.771082834331336953e-03
4.345905547913800869e-03
3.690330578512396754e-03
2.432877316857899250e-03
9.422730015082956406e-03
7.748378243512973884e-03
3.656748792270530894e-03
4.526186770428015406e-03
5.931159357359964621e-03
7.692006920415224436e-03
6.585826446280990815e-03
7.539518768046198083e-03
8.189354460093896393e-03
7.935248190279213173e-03
7.727802395209580101e-03
4.730037942664418182e-03
7.043147013782542418e-03
4.251084905660377014e-03
5.453083886541942350e-03
7.773824514400534680e-03
3.100616513761467880e-03
2.303294059891998046e-03
4.201649402390437819e-03
1.265918816388467323e-02
7.326824800375762205e-03
9.351002120890773706e-03
5.878324742268041178e-03
8.365987381703469256e-03
8.478614257161891377e-03
2.551025405570860050e-03
1.188663292253520909e-02
4.312060653188179264e-03
6.163175582990397181e-03
7.453055555555554781e-03
7.703380281690140087e-03
5.319757058437294545e-03
5.257646224742998017e-03
5.310321516900246355e-03
8.405960264900662685e-03
5.314035743973399319e-03
4.752036384976525765e-03
5.533071428571427995e-03
8.833769140164898781e-03
4.083598901098901141e-03
7.470225790265930428e-03
7.253010315723663198e-03
7.419737051792828740e-03
4.858054507337525828e-03
8.192099767981436687e-03
9.704019801980195287e-03
1.457383720930232295e-02
3.874905942072260148e-03
4.106304909560723471e-03
1.028746926229508196e-02
6.347159090909089939e-03
7.371089176310414992e-03
5.536110354223432173e-03
5.090616279069767360e-03
1.448156606851549620e-03
2.827476190476190150e-03
2.145597484276729350e-03
1.695108055009823160e-03
2.009253543307086293e-03
5.474207070707070438e-03
7.576463659147868526e-03
1.184469273743016596e-03
7.065829191143244495e-03
9.592333333333332920e-03
1.556435202205882010e-02
8.258966539601862722e-03
9.379604897050638351e-03
3.740122029543994225e-03
4.192253086419752382e-03
5.221929054054053922e-03
6.300258126195027938e-03
4.429024390243902452e-03
3.016698935140367868e-03
5.376073089700996073e-03
3.036652631578947055e-03
3.619575123152708827e-03
2.795529100529099958e-03
5.459210269743256308e-03
6.177826086956520954e-03
3.648264925373134043e-03
3.667249999999999503e-03
6.943134426229508396e-03
3.915676959619951956e-03
1.474545454545454510e-03
3.833805309734513236e-03
3.757548012505582385e-03
9.016396255850232799e-03
4.450617760617760210e-03
7.479313432835820591e-03
3.930983302411874061e-03
2.327313432835821129e-03
8.945348189415041479e-03
7.209301664636621337e-03
5.272993421052632121e-03
3.515278772378516332e-03
8.876068204613840606e-03
1.137400550584996561e-02
4.701033396345305829e-03
8.551577253218882804e-03
6.287271505376343730e-03
3.310153911928174174e-03
9.511846053489888750e-03
7.691028955532573999e-03
1.018579292267365530e-02
1.395372080391091762e-03
6.578587088915954784e-03
1.618653284671532633e-02
1.938234946871310316e-02
2.809304677623261637e-03
4.068618090452261540e-03
9.007782931354360589e-03
9.075387453874539379e-03
2.389611895161289964e-03
2.388799842084484652e-03
4.405684380032205347e-03
5.899072870338692605e-03
5.637024346257889576e-03
2.559644886363635942e-03
2.404475308641974927e-03
1.931600877192982211e-03
3.845190048375950014e-03
1.280680571428571314e-02
5.900420168067226773e-03
5.314663625997719659e-03
1.381801204819277026e-02
7.574214151534125646e-03
8.609630769230769420e-03
9.517545676004870656e-03
1.086128352490421320e-02
3.500924608819345508e-03
5.209335616438355923e-03
2.108201284796573649e-02
7.612372298624754327e-03
1.397187446259673047e-02
9.069276767676767020e-03
2.804421235857266961e-03
8.153268442622950418e-03
8.668406219630709481e-03
1.029940615058324432e-02
3.290108932461873262e-03
5.522624555160142099e-03
3.747383348581884675e-03
5.511481481481480919e-03
6.848044041450776151e-03
4.565249999999999864e-03
4.946370777690493881e-03
5.912429456297316199e-03
5.565776235906330638e-03
5.368038277511960783e-03
4.041033163265306087e-03
5.378020833333333611e-03
7.537934700075929993e-03
3.756810422282120046e-03
1.709920683343502199e-03
5.687165035437057037e-03
4.617810126582278483e-03
4.526975989617132087e-03
6.927502590673574601e-03
1.156385245901639207e-02
8.225626086956521615e-03
1.026346098265895970e-02
5.028637803590285324e-03
8.953195956454121363e-03
7.735376972530683126e-03
6.705883201153568784e-03
6.594865831842575826e-03
8.562485156912637285e-03
6.716590909090908168e-03
8.693168044077133685e-03
3.891215953307393047e-03
6.262313953488371845e-03
6.933758362849271398e-03
1.284201503759398568e-03
5.151983149708359161e-03
3.094511336982017254e-03
4.360459707950243256e-03
2.981118387909319732e-03
4.668312308216843523e-03
3.007103004291845211e-03
2.002003081664098256e-03
3.707155394940629851e-03
1.621150943396226091e-02
1.732813324080499651e-02
5.771764705882352978e-03
9.982763888888888243e-03
1.571082106893880587e-02
1.168665064872657228e-02
6.088288135593219672e-03
1.018303611738148942e-02
6.445649278579355240e-03
1.023273195876288691e-02
6.363761665470207482e-03
6.614379024839005944e-03
4.909610927152316742e-03
1.594366467065868112e-02
8.970400516795866419e-03
9.381241431835489475e-03
6.282960867515323226e-03
6.483995407577497136e-03
9.650922619047618001e-03
7.723592715231787469e-03
6.934691575608035834e-03
1.745171114599685866e-02
4.272657166806369949e-03
6.897706626954578507e-03
2.020861860652436136e-03
1.987053412462908009e-02
5.058372093023255113e-03
7.784015927189988013e-03
8.271883802816900472e-03
4.828012048192770536e-03
7.257497314715359582e-03
1.361156589147286683e-02
3.806671398154719450e-03
7.318390557939914026e-03
6.113218954248364478e-03
5.990530575539568248e-03
4.746711822660097842e-03
2.615851334180432225e-03
8.371790865384615143e-03
3.061701764371086831e-03
4.416020671834624926e-03
8.643434426229508472e-03
7.071970310391362258e-03
7.220268082953970254e-03
8.368853171155515858e-03
1.043772727272727213e-02
4.545091819699498617e-03
5.093024136299100293e-03
2.960480349344978002e-03
8.523928205128204413e-03
7.218466042154566067e-03
2.921545226130653483e-03
1.111740614334471048e-03
6.241918075422626423e-03
3.541137980085348573e-03
8.523511742217366668e-03
6.567526382439847765e-03
3.068728489483747539e-03
3.077131578947368221e-03
7.965089285714285414e-03
6.487621509824197455e-03
7.220023547880690361e-03
7.488903791591435509e-03
6.566733067729083571e-03
3.661886574074073916e-03
6.379723183391003243e-03
3.346664999999999536e-03
1.011706163973668388e-02
6.196718749999999970e-03
4.696380846325167065e-03
2.763744607420189504e-03
1.652138079827400116e-02
5.663429767795964166e-03
7.435719512195121741e-03
3.126695804195804215e-03
3.545391849529780457e-03
3.830771992818671201e-03
6.508473132372213747e-03
1.236516823687752210e-02
7.036168159889730558e-03
7.388627348643006000e-03
6.576602150537634410e-03
4.307402031930333483e-03
3.063370629370629119e-03
8.979083885209711638e-03
1.138061963190183969e-02
6.394426540284359715e-03
9.417876557191392356e-03
4.784308176100628140e-03
7.155023419203746307e-03
7.866907775768533853e-03
9.426869627507161731e-03
2.304482288828337607e-03
3.334405436013589304e-03
4.171430990685859146e-03
1.435737499999999861e-02
6.506079354404841961e-03
5.509461300309596854e-03
5.045570672713529936e-03
6.629790301441677164e-03
7.904782820888238415e-03
4.058917410714285925e-03
4.921864935064934957e-03
6.780374105400130066e-03
6.405730413958261871e-03
8.338122448979591247e-03
5.395003058103974534e-03
7.254259259259258907e-03
6.741720779220778705e-03
7.785950819672130332e-03
9.701298573536644085e-03
7.649573658165206153e-03
6.370889679715302512e-03
6.130909669211195498e-03
7.295172413793103022e-03
5.051005747126436143e-03
1.296358436606291631e-02
3.933156146179402068e-03
5.662219615204128545e-03
9.887697132616488083e-03
3.740154738878143006e-03
3.398582580115036555e-03
1.653311688311688002e-03
4.465792284866468634e-03
1.717727659574467798e-03
5.309057187017001550e-03
4.080644246353321881e-03
2.403294997124784046e-03
1.536234979973297426e-03
2.998900580551523611e-03
2.474843450479232917e-03
9.851456176673566156e-03
3.999877300613497409e-03
3.346907020872865162e-03
5.152684958353748179e-03
5.098707528314456484e-03
7.285787878787878570e-03
3.008673740053049994e-03
2.457562084644980636e-03
3.408465031789282423e-03
1.520927953890489860e-03
3.078506900878293356e-03
4.107917690417690892e-03
2.242633946830266053e-03
3.322930232558139393e-03
1.858178455848358670e-03
3.077696897374701448e-03
3.424524952015354541e-03
8.144618533680685751e-03
5.425984908657664751e-03
1.528582898434363698e-03
4.182972170686456367e-03
1.689792425345957531e-03
2.477826649417852641e-03
1.489931192660550385e-03
3.731631477927063387e-03
5.147717258261933979e-03
2.388195435092724511e-03
7.618719211822659598e-03
5.642834091849399832e-03
1.172251962883654429e-02
9.050307529162249232e-03
3.559848668280871618e-03
6.971106514994829251e-03
3.648126817917393336e-03
7.976080735820132231e-03
1.114042253521126645e-02
8.149505766062601839e-03
8.135359778597785196e-03
1.292294494238156038e-02
9.932642857142856899e-03
1.000416472416472240e-02
9.486930232558138734e-03
4.721844569288388346e-03
1.371204590818363156e-02
5.467527777777777750e-03
5.343398058252427259e-03
5.572489208633093355e-03
2.999741100323624621e-03
2.609836879432623873e-03
3.648394666666666432e-03
2.504990430622009746e-03
1.068461538461538528e-03
3.625740851829633866e-03
3.324115755627009630e-03
3.354446032880628852e-03
2.683059548254619446e-03
4.781556319862424048e-03
2.664350408314773277e-03
1.909000636537237089e-03
3.677478427612655438e-03
3.847910447761193099e-03
9.028379976350020368e-04
2.142357779300890427e-03
4.614911463187324836e-04
6.788939566704675285e-04
3.443614982578396908e-03
1.226865454545454474e-02
5.130252177900045465e-03
6.437714007782100248e-03
2.071902567478604504e-03
1.248622994652406372e-02
2.497118802619270085e-03
6.899401888772297396e-03
8.243229974160205115e-03
7.950797342192689882e-03
5.865557046979864853e-03
6.694589426321709627e-03
4.380384615384615848e-03
4.876562137049941792e-03
1.194710193765795986e-02
7.026813829787233526e-03
1.126534912718204356e-02
5.115780141843970924e-03
9.442330275229357181e-03
1.431385338345864469e-02
2.204806908267270549e-02
1.477110569105690926e-02
1.318349269588313215e-02
8.836554276315789630e-03
9.627013769363167162e-03
8.502040816326529582e-03
6.972923416789395326e-03
4.723337227414329750e-03
6.147014010507880280e-03
6.267760869565216532e-03
3.176472361809045027e-03
4.120080745341614739e-03
2.295510895883776624e-03
1.134785561115082136e-02
4.660808823529411123e-03
8.272471337579617029e-03
5.306288343558281800e-03
9.575104333868378337e-03
2.198282568807339438e-02
3.264590377113133629e-03
4.106816037735848413e-03
9.747009429726087235e-03
1.015866174920969367e-02
3.499843993759750149e-03
9.438685800604227488e-03
3.631683569979715902e-03
1.899999999999999779e-03
2.585950413223140221e-03
2.887867887508175149e-03
1.221012175324675229e-02
7.869872134038799136e-03
3.384077419354838707e-03
5.570120226308344913e-03
7.213618042226485963e-03
6.093838187702264181e-03
3.119455492424242152e-03
3.486958997722095551e-03
4.814582249204972172e-03
5.085551529790659914e-03
5.441975160256410510e-03
3.043320851399290445e-03
2.310830535034698666e-03
2.141649076517150065e-03
3.287322128851540189e-03
6.028256097560975857e-03
2.968267564966313443e-03
3.927961904761904932e-03
1.206232152894884564e-02
5.379037149355571888e-03
4.753066059225511883e-03
4.193777577667716708e-03
6.728391651319827298e-03
6.192917792358162629e-03
2.628354452352022440e-03
2.345990607572644160e-03
2.341393470212049625e-03
3.237766990291261748e-03
1.601962616822429682e-03
7.198676360924683142e-04
7.474251930501930180e-03
2.892903225806451283e-03
3.740261655566127358e-03
6.817067729083664540e-03
7.399914833215046062e-03
8.194634346754312015e-03
4.560874357090374115e-03
8.535496305814326608e-05
1.591729257641921053e-02
9.692076603599445589e-03
6.998783454987834692e-05
2.088433283358320531e-03
6.747382697947213598e-03
8.409316317228805737e-03
6.915084745762712162e-03
5.393203054806828406e-03
6.611584158415841420e-03
4.049759461193072445e-03
4.507708737864078025e-03
5.224008574490889359e-03
4.030317292437863262e-03
5.949719480519480991e-03
4.836113427856546590e-03
3.581073646850044170e-03
5.048125356125355429e-03
4.196764122893954091e-03
7.199592123769339713e-03
4.017642967542503669e-03
4.204015645371577542e-03
3.858369905956112594e-03
4.324526476578410827e-03
7.134558404558405051e-03
3.943667621776504074e-03
4.918255451713395704e-03
5.732249724972496990e-03
4.065047687172150363e-03
5.186543370669444847e-03
1.907785453067858353e-03
6.332169411764705137e-03
3.710316091954022916e-03
3.739379070777247051e-03
2.998466780238500523e-03
3.392431616676098646e-03
6.902514332514332260e-03
3.275503401360543680e-03
1.609122998544395763e-03
1.908621443298968989e-02
4.284649038461538391e-03
1.035963782696176956e-02
5.268680535765174824e-03
4.572901878914405541e-03
4.264332003988035615e-03
4.109900990099009388e-03
3.654396284829721300e-03
2.569917355371900865e-03
4.349465414830427229e-03
3.269317809714389605e-03
4.269513426952451646e-03
3.312383216205042925e-03
1.872790099646415730e-03
2.870327635327635327e-03
2.345823362526211660e-03
4.084213675213674635e-03
2.200006480881399815e-03
3.999288702928869774e-03
1.412366863905325284e-03
5.588643852978452536e-03
5.536834061135371098e-03
2.810131463628395658e-03
8.913683540273796557e-03
3.458660714285713596e-03
2.246932989690721832e-03
