5.354742068965516466e-03
3.605375282502675839e-03
2.471333333333333195e-03
7.670534031413610981e-03
5.098281068524970934e-03
9.051910531220874398e-03
8.602276879831342177e-03
7.644888252148996852e-03
4.346432276657060008e-03
4.480623100303950460e-03
7.898452787258246691e-03
2.841379901027788184e-03
6.536046982584042125e-03
5.210473537604456799e-03
3.701220792859017880e-03
7.805157844766199768e-03
3.077793624161073195e-03
5.286268739589117596e-03
7.130836617156712659e-03
2.547401273885350082e-03
2.402691767350379187e-03
5.199859030837004209e-03
1.765140150782911225e-03
2.260560248999555024e-04
4.465882352941177001e-05
3.299374527112232218e-03
4.037983117274645053e-03
7.312459826946848124e-03
4.039667541557305334e-03
2.303060616098045847e-03
9.287891498881430466e-03
2.153279386712095202e-03
3.326624979697904647e-03
3.541551499348109290e-03
2.582017225747960075e-03
2.536238350748376211e-03
3.511068154034229817e-03
4.323098399727613034e-03
3.438774866236794878e-03
6.695199012650416073e-03
3.608874654609394664e-03
5.192462087421944802e-03
2.134808346563846822e-03
8.790665634674921583e-03
7.048278406296113775e-03
6.191144981412639511e-03
6.441819196428570996e-03
1.227185318892900015e-02
9.212302839116719155e-03
7.904019396551723725e-03
6.629395857307249229e-03
6.267081310679611245e-03
3.768877737226277325e-03
8.111481277533038464e-03
2.918575125343683858e-03
4.104068694463430984e-03
4.282009906152241599e-03
6.093573659552315239e-03
2.882326612903225727e-03
1.410877513711151793e-03
3.226787644787644342e-03
4.643628013777267860e-03
2.139009503413197288e-03
4.805484189723319144e-03
2.211361384059796348e-03
3.869495145631067674e-03
4.494908256880734282e-03
2.079921512665001797e-03
4.023941430628900223e-03
1.992973707233963981e-03
2.466269565786887927e-03
3.030589690084240818e-03
3.278775180120570634e-03
2.344609725594055862e-03
3.986560302298729555e-03
4.504774098404611300e-03
2.272890968542112464e-03
2.514463894967176958e-03
4.021988451822446423e-03
3.208984337154852009e-03
6.924914320685433833e-03
6.361648280337443492e-03
5.991202905129368317e-03
4.077220805711371208e-03
4.943595132743362590e-03
6.892115541090317390e-03
4.001167590881083563e-03
5.208080305927341967e-03
5.140622310493213679e-03
6.544003004130679799e-03
5.761001872659175793e-03
4.698723150357994420e-03
5.393922988943956887e-03
4.584489538694226998e-03
4.751447732595273296e-03
2.048759842519684918e-03
3.158579291365668472e-03
3.537417433676231810e-03
4.589352051835852986e-03
5.001317073170731542e-03
3.845317875841435841e-03
2.680424242424242400e-03
5.027235880398670323e-03
2.919068845963348341e-03
2.908468677494199187e-03
6.192077716098334100e-03
6.394354747015348547e-03
2.139757901815736180e-03
8.340585937499998825e-03
4.199462051709757296e-03
4.781999999999999792e-03
7.805250896057346933e-03
5.322746913580245903e-03
4.845296039199672826e-03
6.161407035175878524e-03
3.342791738382099725e-03
5.340295015259410166e-03
6.332193620593172187e-03
2.320952501905003927e-03
3.436813509544786507e-03
3.419306330341983797e-03
1.958520263901979315e-03
3.176779019466473807e-03
5.937782585181178643e-03
1.774569850039463010e-03
3.009280334728033079e-03
6.875697674418604355e-03
3.328758064516128788e-03
5.078429752066115736e-03
5.664628378378378654e-03
5.903043619791666086e-03
3.995918173168411247e-03
3.042292970187706475e-03
3.107226190476190201e-03
4.307516778523489548e-03
2.181507645259938427e-03
6.663125293289535664e-03
4.675052129877866128e-03
4.999031873696753100e-03
6.820749838396897129e-03
3.954844079224610273e-03
2.329935999999999466e-03
5.175312093628087542e-03
7.086421777632009866e-03
2.903210261328218432e-03
5.610629737609329308e-03
1.415221061792863028e-02
1.397028571428571373e-03
2.460891923300406389e-03
4.132154471544715463e-03
6.379873417721518281e-03
3.659526066350711135e-03
5.216962794229308524e-03
5.082454742939898108e-03
9.811261261261260830e-03
2.585653429602887809e-03
2.922346521145975477e-03
4.729529846804014608e-03
3.985223789086450238e-03
2.053763205828779484e-02
5.447736185383243376e-03
2.328235827664398936e-03
2.349790685504971402e-03
4.127304507819687385e-03
4.798160322952710680e-03
3.974701421800947224e-03
5.312446727549466167e-03
1.682157996146435184e-03
4.996526752767527398e-03
3.717705735660847312e-03
8.820267527675274694e-03
3.399985326485692547e-03
4.883959978936282080e-03
2.291325301204819205e-03
5.090015723270439885e-03
5.987728971962615748e-03
4.428836363636363439e-03
5.925217932752177997e-04
5.139625620207487026e-03
5.156080700656865377e-03
1.660191307879772121e-02
5.305215343203229135e-03
4.052811023622046940e-03
1.797621845834773430e-03
2.316789481730622061e-03
2.790210526315789561e-04
7.325609167671894018e-03
4.314122340425531610e-03
5.574102715466351145e-03
4.361920103092782608e-03
4.906486369536996323e-03
4.818607636603028030e-03
2.109943807339449348e-02
2.162108262108262003e-03
3.408031278748849258e-03
4.610197519522277534e-03
3.926959654178673736e-03
6.060805123513266293e-03
2.513571662840275323e-03
1.184070080862533597e-02
4.001258689175769129e-03
3.236867030965391318e-03
5.613016437139049103e-03
4.326171783909833063e-03
1.962257309941520603e-03
3.328038049940546667e-03
3.981135531135530752e-03
8.323001200480191486e-03
9.039607762180015132e-03
3.111683573589606438e-03
2.246609702315325360e-03
2.955923961096374418e-03
3.592978267523721202e-03
5.464639240506328696e-03
5.025081585081584562e-03
7.244473085670962917e-03
8.869112271540469106e-03
2.508418456181079562e-03
1.692641407307171868e-03
3.382899728997289593e-03
9.871662125340600544e-04
8.668830059777967497e-04
2.481142857142857108e-03
3.464809160305343336e-03
5.565150693188667536e-03
3.278395503321410078e-03
1.405949820788530329e-03
3.224199228171731151e-03
3.201710703090013266e-03
3.824106004696410221e-03
8.164161616161616161e-03
5.946786570743405574e-03
2.955519379844960808e-03
6.073291205897841070e-03
3.860990615224191812e-03
2.238845747490755215e-03
6.603554073368269120e-03
4.460517162471395493e-03
4.197034448327508459e-03
4.539388407120036571e-03
6.240443139348638563e-03
3.659579081632652504e-03
6.039741529863779101e-03
4.733044794188861863e-03
5.490380807311500203e-03
9.611747104247102616e-03
4.374334763948497032e-03
7.938629511192325447e-03
9.425246132208155853e-03
6.018080330773774127e-03
5.894565737051792043e-03
5.458415466262319868e-03
4.731817507418397371e-03
4.647176258992805759e-03
4.061418025223007509e-03
5.202316431144360896e-03
5.960313206328704191e-03
1.949339080459769943e-03
4.646107594936708420e-03
8.879305816135083657e-03
2.326392649903287913e-03
4.665144002916514661e-03
6.743769050410316698e-03
4.933242389431361299e-03
3.751617021276595128e-03
8.081820652173912073e-03
4.423842482100238081e-03
5.993223538863225522e-03
3.694145573770491863e-03
7.174034810126581410e-03
4.752692522841692885e-03
6.289214099971105615e-03
5.567963510848125512e-03
5.813638157894736661e-03
5.056499928946994737e-03
4.247065106815869039e-03
4.622814371257485087e-03
4.088648233486942736e-03
5.994879614767255165e-03
3.619273888363291891e-03
2.033706606942889319e-03
4.405035490605427664e-03
5.835687002652518822e-03
3.583116679718089011e-03
5.305132430841670230e-03
1.454361016306408849e-03
4.442477660438667528e-03
4.516787319021467635e-03
4.169845254470425783e-03
3.420497335701598238e-03
2.975385620915032159e-03
3.910948905109489122e-03
3.473627397260273687e-03
5.162552773686794258e-03
4.447405582922823487e-03
4.012829059829059984e-03
3.841458403502862919e-03
8.466398683591912222e-03
5.782048706240486800e-03
3.940807923436456806e-03
2.482567567567567357e-03
4.966592267835790581e-03
2.753573529411764472e-03
2.448218703612072954e-03
3.358759975445058284e-03
4.704981078524125143e-03
5.091052229688454445e-03
4.040176570458403962e-03
4.672580281690140794e-03
2.692798974030137515e-03
4.387054958183990092e-03
1.832141941000427340e-03
3.728907004830917405e-03
5.305778652668416417e-03
5.698043749999999463e-03
7.162574552683896589e-03
9.036686602870812671e-03
3.354907000338180727e-03
3.359967694566813080e-03
3.257199546485260375e-03
2.021196619217081967e-03
3.254976228209191698e-03
7.613442622950819180e-03
2.386696730552423894e-03
2.969165580182528928e-03
3.908272687417798860e-03
4.843655430711610137e-03
5.995599164926930513e-03
2.978049432197728535e-03
3.909436090225563640e-03
4.802725709372312503e-03
3.706654650324440331e-03
3.516033597760148677e-03
2.532103683492496499e-03
6.054341920374707413e-03
3.563527363184079526e-03
2.402130281690140548e-03
2.313965260545905456e-03
4.333195208805437973e-03
2.837426433915211585e-03
1.668751322751322631e-03
2.071546941678520382e-03
2.297293967714528033e-03
8.741041666666664323e-03
1.169519999999999848e-03
3.839472105578884418e-04
8.797506234413965420e-05
5.682003494467093767e-05
3.503159557661927615e-05
1.092088791848617015e-03
9.126990553306342773e-04
5.875718872636459880e-03
5.644338292873922643e-03
1.832772384034519770e-03
9.154887762490948426e-04
1.516479873717442844e-03
8.425369127516777997e-04
1.263281710914454254e-03
1.997855495772482299e-03
1.954915492957746449e-03
1.883280098280098232e-03
2.772789992418498405e-03
5.637604278074866138e-03
1.760783132530120481e-03
4.027895424836600881e-03
3.936596685082872915e-03
1.077735849056603908e-03
7.607089820359280545e-03
3.656804308797126368e-03
1.353118729096989756e-03
2.168037267080745369e-03
1.436413483146067090e-03
4.093525543753160864e-04
5.270185528756956769e-03
4.457138482477033398e-03
5.018631216149678845e-03
4.873099226804122885e-03
3.791432545201668929e-03
2.743727034120734508e-03
3.556248600223963548e-03
6.998125741399762768e-03
3.648397417082476901e-03
4.479574785527787838e-03
4.107757230915125637e-03
1.981045441873431796e-03
3.284485270314017012e-03
4.967345597897502955e-03
1.641984808454425345e-03
3.077617037605524970e-03
3.358456252863032711e-03
1.680166895739249565e-03
3.437945001858045378e-03
1.002166356300434550e-03
5.714927745664739878e-03
2.915621508379887851e-03
2.007246658566221378e-03
2.427690368129097227e-03
1.573596425912136961e-03
3.290993608367228426e-03
5.536502732240436908e-04
6.696408839779005280e-04
4.105825327510916403e-03
3.038492401215805647e-03
2.183930933137399107e-03
5.837918604651161705e-03
1.044428152492668472e-03
4.522255781028787849e-03
2.734882594111069480e-03
2.310425240054869711e-03
2.230457570715474371e-03
1.570685630926330978e-03
9.934319148936169436e-03
3.166091907279381182e-03
5.370984060984060338e-03
6.080529022777368849e-03
1.956195752539242709e-03
2.594602272727272729e-03
3.587346938775509957e-03
2.620467139912983565e-03
4.462218798151000587e-03
6.854741429401510142e-03
1.491069182389936952e-03
1.022991383952611679e-03
2.371127665790242599e-03
2.833733333333333330e-03
1.164559625876851121e-03
3.117329700272479173e-03
1.782562427967729519e-03
1.515577922077921769e-03
1.558587984141506302e-03
8.268619791666667173e-04
1.372599999999999862e-03
1.021083815028901677e-03
1.578547486033519227e-03
2.017542768273716987e-03
2.864302496328928038e-03
4.059735188509874457e-03
1.258392621870882584e-03
3.493617511520737302e-03
3.679805546700669078e-03
2.665465626523646440e-03
4.665951882845187360e-03
9.403577106518283546e-04
2.200633883980022878e-03
2.861882213672684201e-03
2.936368914694059175e-03
1.952720125786163406e-03
5.402058823529411712e-03
3.144281609195402095e-03
1.410735060814383678e-03
3.359499063085571655e-03
3.629653679653679303e-03
5.374777031154550147e-03
5.771212836243510592e-03
1.901515281962978896e-03
8.258264814289763191e-04
4.218995098039215325e-03
1.827448717948718018e-03
4.069825033647375689e-03
1.346214940294362646e-03
3.331053864168617793e-03
3.803938379102477906e-03
4.087447108603666987e-03
5.154809069212409889e-03
1.770358999037536032e-02
8.853547619047618528e-03
3.847256857855361253e-03
3.029617021276595577e-03
1.471569722650231150e-03
1.082239234449760765e-02
3.718008965259618839e-03
1.410529172320216899e-03
3.320455688246386032e-03
3.931355748373102296e-03
4.065101018533978823e-03
2.482288790077228930e-03
2.958496491814233131e-03
3.145498944033790854e-03
2.221927853341218277e-03
2.752318486882245150e-03
5.922124756335281695e-03
5.125130139569973077e-03
6.197324777887462492e-03
8.341863784665578749e-03
5.141488858879135829e-03
2.089483837330552603e-03
3.794106925880922927e-03
4.998729060451565127e-03
3.741293532338308119e-03
4.228848454636091256e-03
2.876624999999999842e-03
5.080895295902882261e-03
3.343202108963092868e-03
6.781702830188678782e-03
5.626033108522378486e-03
2.150806882230791792e-03
4.872494305239179202e-03
2.963140599001663766e-03
4.732237301279565780e-03
2.458842774916691724e-03
3.172076502732239754e-03
3.938078967350037984e-03
2.830552295478080439e-03
4.192874524714828091e-03
3.161972027972027779e-03
4.257224576271185709e-03
2.457180124223602539e-03
3.918590544157002017e-03
3.787261951797707589e-03
3.718389299943084154e-03
4.019888691006233243e-03
3.350261331155573660e-03
2.740122075279755737e-03
4.022643997224149837e-03
4.341652021089630574e-03
5.722337278106508392e-03
1.955103550295858063e-03
5.660844636251540982e-03
2.859958214207169482e-03
2.370437710437710375e-03
1.504644549763032918e-03
3.358158522050058974e-03
3.649213355970571705e-03
5.116148491879350668e-03
1.536763727121464185e-03
6.864746703678000763e-04
7.811196621304550627e-03
1.845216730038022656e-03
8.063509749303620841e-04
2.223174377224198996e-03
4.208465923486191806e-03
5.144727784730913911e-03
2.367889060092449871e-03
5.804156466205427981e-03
7.542060525144637581e-03
6.245186064924782357e-03
4.248122377622377821e-03
3.763358949727825965e-03
4.587456375838926126e-03
4.704217042971594286e-03
3.091290125343931425e-03
2.834883501259445691e-03
3.738585492227978861e-03
5.979873200822480306e-03
2.897608695652173754e-03
3.048181441590720221e-03
3.031672354948805603e-03
3.204240415105217687e-03
1.819419642857143023e-03
5.971205211726384951e-03
3.240385542168674245e-03
2.314001411432604124e-03
2.130503114518447413e-03
5.539230111206158019e-03
2.305664860358482612e-03
2.063233215547703205e-03
4.331915367483295948e-03
2.642985865724381545e-03
4.674324834749762902e-03
3.585221997981836474e-03
7.275604196816207181e-03
4.367388178913737817e-03
6.533167520117044366e-03
3.403615733736762780e-03
6.424104153750774190e-03
1.923924295774647603e-02
7.685641711229945598e-03
2.170737659456461067e-03
3.824560045858411972e-03
3.525995807127882409e-03
5.908226397800182481e-03
3.281528132992326922e-03
7.645061162079510274e-03
7.693158265773703680e-03
4.346833079268292051e-03
2.949678628816282747e-03
6.326033129904097031e-03
3.580850489368883095e-03
4.461415168100077953e-03
2.658952003522676959e-03
5.981217616580309857e-03
3.008555617044825388e-03
3.729566563467491547e-03
4.222717633928571059e-03
3.919356321839080268e-03
4.856959646213377182e-03
3.237970765262252609e-03
2.712640959170447164e-03
5.913716632443530991e-03
6.431963780418788364e-03
9.172538461538461141e-03
5.635558252427183903e-03
4.480206709589968847e-03
4.491348684210525952e-03
2.953739177489177366e-03
4.314454545454544931e-03
6.225964579380138114e-03
6.030933429811866260e-03
5.260062409985597799e-03
3.115064695009241852e-03
5.266635262449528669e-03
5.136139724630289435e-03
5.877182642487046096e-03
8.586458200382895978e-03
5.416991735537189656e-03
9.639593373493977185e-03
5.303221539914974164e-03
5.163928434013082339e-03
5.956742857142856805e-03
3.112671755725190774e-03
6.020006013229103198e-03
3.275611325611325116e-03
7.339944532488113654e-03
4.947525844245347602e-03
9.675741772151897832e-03
7.228691476590635642e-03
1.386002664890073231e-03
2.068990273274663901e-03
3.000532036613272075e-03
3.247128618889416011e-03
2.683611111111111006e-03
4.037064989517820043e-03
3.609645354645354617e-03
4.509687382297551325e-03
4.627612942612942259e-03
2.597576291079812041e-03
9.416755373592629666e-03
2.509207171314740449e-03
3.891377245508981860e-04
2.627586206896551438e-04
2.198236226714229101e-03
4.266815034619189000e-04
3.462997938144329792e-03
3.104348576358929596e-03
1.742215980024968813e-03
6.408081534772180898e-03
6.328614398422090226e-03
3.838858764186632491e-03
6.961903750884641112e-03
5.353607188703464990e-03
5.857205882352941456e-03
7.059280653950953527e-03
5.702241798298906400e-03
4.424974548819990243e-03
1.004881118881118841e-02
3.439724770642201652e-04
1.027674242424242261e-03
5.762840136054421178e-04
1.717411073825503287e-02
8.948254677464393715e-04
2.821159135559921094e-03
9.740239043824701392e-04
6.579980227385071739e-04
5.442735849056604298e-04
8.039382239382238940e-04
5.823644646924829894e-04
4.330415162454873883e-04
5.859504373177842548e-03
3.332891156462584360e-03
6.398674698795179736e-03
2.886522979397781064e-03
6.087678992918961474e-03
1.126458773784355053e-03
2.726601085481682434e-03
5.410573022312372554e-03
6.206010928961748323e-04
6.342309606769537360e-04
6.834253888188313031e-03
7.407863247863247062e-03
5.042768439108061100e-03
4.854859437751003412e-03
7.126666666666665699e-04
2.321851590106006804e-03
2.651583316861039902e-03
1.077900669249735877e-02
4.541544600938966086e-02
5.750059325176122213e-03
2.160981318681318500e-02
5.316123893805309135e-03
1.066402197802197686e-02
9.460634920634918010e-03
3.728555555555555269e-03
2.729423076923076768e-03
8.350882825040129107e-04
3.432495606326889121e-03
5.364829806807728044e-03
1.150205395996518540e-02
2.781210149642159880e-03
5.376953068592056802e-03
3.171366795366795110e-03
6.894411515664691098e-03
2.229751516902629075e-03
2.656272321428571146e-03
5.798119551681194667e-03
4.928671328671327921e-04
3.008401084010840342e-03
1.829719626168224093e-03
1.927384615384615529e-03
2.055856264163159232e-03
3.255106035889070160e-03
2.395527337914550234e-03
4.558231552162849559e-03
1.803995601173020297e-03
2.096737588652482220e-03
2.908173673328738260e-03
1.624588204038256937e-03
1.353396464646464733e-03
3.035881818181818126e-03
9.565017730496453569e-03
3.185065384615384625e-03
3.304951999999999456e-03
3.008810572687224683e-03
1.023991002570694012e-03
2.536996103436060628e-03
6.151174957118353027e-03
3.288075539568344977e-03
1.340686512758201571e-03
3.849696750902526464e-03
4.038025520483545794e-03
5.147126654064271625e-03
7.058980242192478168e-03
3.372213983050847096e-03
1.576645299145299243e-03
6.600077519379844888e-03
2.428764176769651791e-03
5.599597747385358024e-03
2.956909667194928398e-03
5.132825024437927090e-03
3.030189393939393665e-03
2.337519196692262012e-03
7.644134007585333748e-03
2.117194244604316163e-03
2.849492367767127859e-03
9.691464435146442211e-04
2.133923563376409135e-03
2.860407523510971259e-03
7.691849710982658333e-04
1.860215053763440989e-04
1.722119006849314772e-03
4.414453272796064857e-03
2.639933938893476110e-03
3.863736263736263724e-03
0.000000000000000000e+00
2.241539301310043614e-03
8.221404164442070936e-03
1.360084538375973262e-02
3.578677130044842676e-03
8.331977630910016031e-03
4.797306451612902770e-03
3.657647058823529362e-03
2.075370786516853808e-03
3.050844675740592427e-03
3.543802043906131745e-03
4.211464968152866736e-04
3.171934523809523919e-03
3.324562211981566505e-03
2.277630784708249440e-03
8.521533258173617439e-03
1.299246861924686133e-03
4.252534606205249715e-03
1.477202535292422743e-03
5.966540473991996905e-03
2.636452095808382995e-03
6.136363636363636196e-04
4.569926494087567931e-03
1.244928366762177883e-03
8.664436363636363395e-03
2.804868525896414382e-03
7.638387543252594773e-03
1.061052772808586571e-02
6.121893536121672010e-03
9.106917768832661561e-03
3.804827586206896602e-03
3.870249196141479012e-03
2.091648044692737130e-03
3.697999999999999465e-03
4.047216981132075071e-03
3.756110501280643735e-03
2.630550576184378583e-03
4.397828282828282823e-03
3.992754756320042019e-04
2.131833707865168036e-03
3.119863813229571854e-03
2.931087533156498306e-03
1.196473139806473020e-03
7.026326250856750576e-03
6.106698795180722297e-03
2.298946726311508395e-03
1.393293029871977163e-03
1.970990587872241493e-03
2.447923420905533803e-03
8.729364485981307153e-03
5.763229965156794685e-03
5.719667984189722235e-03
5.962811791383219526e-03
1.800770171149144051e-03
4.720261904761904187e-03
4.805855263157894283e-03
7.766710613052076571e-03
8.673042836041358920e-04
1.209719970523212736e-03
1.383931686046511664e-02
3.432820986026891702e-03
9.010927835051545445e-03
4.257062916787473887e-03
6.788521241830065139e-03
3.918250950570341916e-03
2.462275405007363464e-03
1.246648870636550208e-02
4.741912408759123808e-03
2.567776845637584175e-03
6.303974358974358434e-03
5.080804859529232040e-03
1.774639580602883210e-03
2.804899742930591199e-03
3.525840315426318448e-03
6.600910931174088989e-03
9.979666160849770887e-03
2.566205083260298184e-03
1.232920819112627922e-02
3.177362745098039239e-03
5.618787878787878491e-03
3.612967359050444673e-03
2.408059171597632959e-03
4.624084661902143865e-03
4.171457700650758708e-03
3.169969298245613881e-03
5.034462709284626657e-03
2.816521197007481291e-03
3.314410907220030275e-03
3.865377083884625510e-03
2.290466666666666866e-03
2.424263932702418189e-03
1.931380377592076432e-03
2.125887968552576165e-03
3.206303616484440511e-03
6.549024615384615305e-03
4.951294444444443235e-03
4.961508894536212355e-03
7.255025380710659194e-03
1.023100719424460334e-02
4.520432378079436257e-03
3.853066787003609460e-03
3.482420634920634691e-03
5.127737951807228786e-03
8.103460345591492753e-03
3.404002766251728457e-03
3.515693444136657429e-03
3.733167330677290580e-03
1.771143151390319314e-03
4.774746751524793636e-03
2.738043015835499479e-03
4.314665503199534638e-03
5.873249336870026323e-03
3.243685162846803374e-03
3.403379549393413354e-03
3.497078050154972875e-03
4.806160990712074303e-03
4.407904306220095103e-03
4.145214646464646067e-03
7.676086182336181243e-03
3.154931451612903032e-03
3.135077444336882395e-03
3.962021943573666716e-03
4.369327229299362590e-03
3.004971922246219874e-03
3.370666666666666342e-03
2.832140077821011705e-03
4.648087734241907257e-03
2.273043478260869475e-03
2.540905328504914230e-03
2.054549337889790932e-03
7.102591876208897217e-03
2.832118734447209435e-03
5.976508932882665381e-03
4.080972733971996447e-03
6.758667591950035317e-03
2.220556835637480485e-03
4.010550295857987294e-03
3.987580155248059317e-03
2.050480247869868218e-03
4.033405253283301774e-03
4.688661176470588360e-03
4.337339218158890210e-03
7.246560185185184008e-03
5.062975334018499432e-03
4.619195710455763215e-03
1.302707801418439768e-02
8.142183042789222572e-03
3.176422764227642033e-03
4.621641701617734514e-03
5.509556719022687399e-03
5.127829959514169922e-03
3.984969796814936613e-03
1.715697048161574090e-02
7.111560509554139611e-03
5.394107308048102199e-03
1.335047291487532258e-03
4.543286106032906960e-03
3.263645508151231077e-03
6.303494667760459538e-03
2.964183102737709408e-03
2.330692921236290904e-03
7.121701680672268796e-03
1.447978096040437911e-03
3.682105263157894534e-03
1.175287958115183232e-03
1.710402193784277877e-03
2.292696563774024310e-03
1.972938978829389539e-03
7.163797881010594733e-03
3.981558915537017351e-03
3.566706730769230501e-03
2.615088365243004032e-03
3.557971014492753402e-03
3.014519774011298857e-03
6.698520653218058979e-03
6.397970430107527071e-03
6.163234916559691065e-03
5.031211217183769943e-03
2.916171485543369787e-03
9.479156553398057281e-03
7.079830007390982421e-03
2.217128378378378176e-03
4.625352112676055227e-03
5.811982645280041465e-03
4.141573033707864580e-04
4.045731244064577035e-03
1.944040066777963111e-03
4.228995169082125187e-03
4.779124256444149815e-03
7.954542743538767224e-03
7.314963384865744156e-03
2.653563714902807693e-04
5.593060200668896389e-04
2.184965357967667311e-03
2.680755923279428115e-03
6.763565789473683504e-03
1.443846153846153630e-03
3.533457413249211157e-03
2.258184329710144836e-02
6.166663405088062232e-03
7.642495029821073579e-03
8.524075286415709607e-03
5.808086921202274683e-03
1.850845049130763614e-02
6.133905146316851256e-03
8.972417285617824423e-03
9.655380212591987282e-03
5.691581920903954900e-03
8.407915966386554293e-03
6.983145863570391042e-03
5.005538740920096458e-03
1.851511219248445266e-03
3.306242299794661353e-03
3.325512630014858945e-03
4.808434330942369314e-03
4.545607196401798590e-03
6.895244180739387024e-03
1.756262104583602166e-03
4.786617336152218863e-03
7.750591618734592458e-03
2.020308988764044772e-03
1.390533667621776442e-03
3.778710359408033511e-03
2.151190269331016564e-03
1.454948884758363974e-03
3.389375609756097637e-03
1.211804267161409885e-03
2.432983673469387570e-03
4.237798507462685674e-03
8.016271186440677293e-04
1.601555860178204439e-03
3.257208104395603859e-03
6.908709256844849066e-03
6.220912280701753824e-03
4.162597847358120821e-03
3.709394785847299533e-03
2.254747378455671837e-03
8.251994091580501988e-04
9.560208109077861487e-04
1.574872646733111673e-03
2.105865002836074858e-03
3.966357615894039543e-04
3.160808729139923112e-03
1.890457380457380562e-03
2.888895238095237801e-03
1.209786856127886270e-03
2.129814682822523189e-03
3.881924798567591532e-03
2.161786068009243812e-03
5.502748585286983390e-04
1.479072375127420992e-03
7.577886977886978247e-04
2.345132653061224228e-03
1.383155452436194907e-03
2.826532693461307564e-03
5.836687048360199217e-04
1.449967213114754065e-03
1.156922474549725802e-03
2.740750670241286864e-04
4.557901471529110298e-04
3.195383411580594683e-03
5.533239329268292012e-03
5.667073033707864527e-03
2.960373239436619487e-03
9.573565610859728278e-03
4.795850144092218999e-04
2.940585937499999841e-03
1.221066020313942707e-02
1.126140835102618434e-02
1.160170768083519655e-02
7.294554414784393433e-03
1.186472256473489542e-02
6.482119760479040579e-03
1.680261058738215848e-03
7.460352564102563228e-03
9.793778877887788017e-03
7.186655336505777363e-03
6.735575567736882402e-03
1.118187009279086267e-03
1.116238419618528419e-02
9.563048830529337352e-03
5.707893061744111901e-03
1.032409233176838706e-02
5.747559772296014641e-03
4.808588728458313560e-03
5.446612903225805762e-03
2.164780701754385767e-03
1.646953789279112512e-02
2.327498776309348729e-03
9.725980985306827836e-03
6.085330012453300449e-03
7.487225988700564258e-03
4.003703491700056488e-03
3.966220862470861558e-03
4.779677914110429249e-03
9.933214053350682485e-03
3.698538657604077875e-03
9.161063553826198982e-03
3.451127931136835185e-03
1.344815750371470761e-02
6.083692136084773577e-03
5.531257035647278893e-03
1.169473412112259983e-02
1.118844623990055895e-02
5.385751989945538123e-03
6.642672741078207987e-03
9.934661473936488157e-03
6.740639175257731597e-03
5.120429118773946534e-03
4.246692067890544360e-04
2.169547291835085146e-03
3.925799835931090623e-03
6.856435643564356020e-04
1.117421052631578735e-03
4.093700923787528707e-03
2.215136897001303458e-03
2.859199711607786354e-03
8.207376176831763376e-03
5.837587779297765192e-03
4.784588299024918751e-03
4.665806799784133659e-03
4.872290909090908062e-03
1.189335232668565969e-03
3.354078478002378051e-03
6.263405088062621749e-04
4.686106639839033965e-03
5.144566623544631016e-04
4.204491270319084262e-03
2.287599606492867615e-03
8.723173277661793812e-04
1.343760238272524157e-03
8.053867292225199911e-03
9.123912499999999384e-03
7.223928571428571248e-03
3.122637075718015347e-03
1.449515096065873750e-03
1.230564603691639610e-03
5.998886679920475973e-03
3.392371221796509038e-03
4.492464671654197370e-03
5.812011735121542372e-03
4.101462414578586901e-03
1.970363932645301415e-03
2.537020408163265413e-03
4.452128263337116511e-03
4.150653222270933237e-03
1.295085130533484702e-03
1.732925890279114495e-03
1.525854665565647833e-03
2.485082346886258002e-03
1.858906098741529506e-03
7.961052099140110546e-04
8.054343105320303743e-04
3.694134078212291204e-04
2.764449207029575327e-03
1.245710607621009196e-03
2.627561608300907521e-03
5.506009501187647884e-03
2.420111303487508959e-03
1.977753705815279116e-03
5.959151982378853817e-03
1.400353227771011051e-03
5.936749622926092498e-03
1.902520146520146616e-02
3.931449416342411990e-03
3.792693156732892049e-03
1.058211009174312009e-03
9.114874001229256520e-03
3.390381050463439887e-03
4.250200111172873843e-03
3.182178461538461445e-03
6.498836589698045625e-03
5.348645598194130477e-03
1.645599137931034409e-03
6.404446585903083265e-03
5.941089850249583505e-03
5.743382991930476994e-03
5.700664652567975603e-03
4.879076543209875938e-03
5.588162344983088788e-03
5.021037542662115660e-03
8.416844473007712574e-03
2.733672806067171702e-03
9.959837008628954352e-03
8.506233205374280279e-03
5.346681013868962232e-03
2.711198275862068598e-03
4.442397029034435285e-03
1.709999999999999715e-03
2.439291084854994674e-03
2.258633484162895881e-03
2.929812369701181082e-03
6.584700055035771701e-03
6.360014705882351474e-03
3.558035714285714100e-03
5.320146968769137383e-03
2.492746566791510972e-03
2.559150877192982801e-03
4.029005266237565414e-03
4.527404580152671193e-03
6.337279450607500447e-03
2.263134953897736387e-03
3.805561762880198089e-03
5.211546866014949916e-03
3.587140482128012807e-03
2.527652016857314613e-03
5.930247432306255499e-03
1.030821428571428687e-03
1.181945636623748077e-03
2.386446700507614122e-03
1.644940239043824566e-03
2.622951289398280615e-03
3.839439338235293986e-03
2.879841463414634095e-03
3.123205794947993708e-03
6.249381443298968747e-03
6.820468483816012964e-03
4.693818024762452280e-03
3.060686632578524247e-03
6.885937106918238113e-03
2.399473861720067321e-03
5.619005376344085069e-03
2.554179156500522782e-03
1.377582846003898688e-03
2.274008425145819263e-03
4.268203026481715186e-03
7.580192165558018169e-03
7.066775193798448609e-03
2.861373820754717183e-03
3.761723009814612901e-03
2.194921465968586484e-03
5.489114820435002720e-03
2.638629605688429507e-03
3.489001741149158359e-03
3.305780760626398154e-03
4.059964253798033912e-03
1.267603062426383900e-03
2.629377182770663204e-03
1.311009830205540731e-03
7.825990271021541047e-04
2.621197657393849884e-03
4.501181364392678290e-03
7.220486891385767200e-03
1.810222623345367080e-03
1.627010582010582004e-03
7.141375061606702532e-03
4.426521739130434042e-03
1.504539223153084386e-03
3.533631713554987418e-03
1.091049457177322010e-03
1.334182305630026658e-03
5.957130314232901569e-03
2.868068770607630318e-03
5.070568576388888998e-03
2.272448474855729220e-03
3.070878425860856971e-03
1.862513265798359987e-03
2.022531486146095323e-03
3.639494917407878026e-03
4.431514882274544334e-03
3.314489322191271382e-03
3.102271581600504063e-03
2.295919448860625316e-03
3.633880921338548779e-03
4.577439418416801194e-03
1.730986154280870094e-03
2.370706293706293863e-03
2.863693290734823857e-03
2.551193198475520518e-03
1.457013977128335551e-03
2.022507869884574740e-03
2.944500514933058935e-03
4.268695652173912398e-03
5.469020172910663002e-03
3.381868239921336818e-03
6.341777003484320302e-03
4.007092495636997015e-03
4.672203765227020411e-03
6.609169104739614359e-03
2.613041800643086526e-03
9.542175925925924437e-03
7.656330103157235611e-03
1.809769662921348376e-03
5.446154138192861593e-03
1.971238164603058771e-03
7.203479349186482292e-03
1.315179896402072016e-03
1.611855583543241001e-03
4.056476683937823742e-03
1.609255561394289753e-03
2.743266233766233648e-03
2.235222929936305728e-03
1.548501144164759862e-03
3.313488653555219342e-03
3.869850863422292196e-03
1.311116861890492978e-03
2.620570893776321634e-03
3.089468731026107865e-03
2.299378026070763529e-03
3.133742191936399624e-03
3.859361442102046767e-03
2.282191883767534669e-03
3.218926380368098122e-03
6.119248949579831308e-03
1.758057334553217313e-03
3.782751726644856261e-03
6.812335135135134945e-03
5.270579710144926433e-03
7.823752886836028014e-03
5.693201970443349108e-03
2.377235989325200000e-03
1.811487550542668608e-03
1.923518284993694805e-03
3.359295774647887492e-03
5.104597315436242011e-03
8.986834224598930568e-03
1.132277180406212648e-02
2.780637319316688408e-03
4.399371118012421894e-03
5.893694444444444458e-03
2.569244532803180957e-03
1.104665116279069693e-02
5.936649425287355251e-03
3.636186666666666335e-03
3.792848034006375546e-03
5.504857468643101909e-03
5.834540654699049353e-03
6.847806394316163607e-03
1.818144104803493411e-03
6.001155234657039664e-03
6.848481308411214115e-03
7.093342676944638242e-03
4.007789079229121844e-03
3.728617343844754361e-03
6.002201565557729532e-03
2.453491856677523977e-03
2.157535101404055647e-03
9.523058161350843320e-03
2.113858554342173436e-03
4.858477306002927792e-03
4.064907630522088082e-03
1.852288588494184051e-03
4.655947546531302543e-03
3.088565169769989013e-03
5.414535691724573288e-03
3.853854106835151710e-03
6.344412827461606841e-03
7.111920762286860244e-03
1.959298561151079105e-03
5.444459190444591971e-04
3.718720614828209189e-03
7.386588921282799969e-04
9.805167014613777685e-04
1.194732937685459920e-02
5.490602329450915142e-03
3.506625766871165721e-03
5.788584579976984237e-03
2.487480115690527717e-03
4.693958724202626498e-03
2.317176079734219012e-03
3.166049136786188052e-03
2.489127176015473297e-03
2.816217567989996381e-03
2.822462335216572357e-03
2.919848434925864482e-03
9.761530726256982538e-03
7.695873864243719768e-03
3.135871695871695480e-03
5.747358184764992522e-03
4.757810880829015099e-03
6.895741720011131816e-03
5.033136144919331430e-03
2.577603806228373484e-03
1.388511999999999949e-03
2.077168857431749196e-03
2.963318793166120832e-03
2.992889030612244823e-03
6.001348175633888608e-03
2.516943722943722466e-03
9.137011448874850922e-03
7.191154078549848866e-03
3.323108788230739324e-03
2.653605560382276025e-03
4.204263904034896172e-03
3.054756034925526498e-03
6.338805213613322651e-03
2.717242725337118414e-03
4.513679611650485077e-03
3.984870370370370389e-03
4.299634655532359392e-03
4.730942190993292495e-03
4.471838124054462564e-03
3.953313282001924382e-03
3.015424965490041270e-03
2.601578947368421348e-03
2.747268650631879295e-03
4.836408579649489371e-03
4.219119347160829939e-03
3.498363636363636259e-03
1.487321214199965706e-03
3.571780051150894812e-03
3.253989713445995090e-03
3.110194761584956277e-03
7.319600638977635451e-03
1.024253443526170620e-02
5.273482090428655358e-03
8.105583126550868281e-03
7.349027027027027481e-03
8.243273296789348920e-03
1.059958370239149489e-02
9.126380952380951789e-03
1.508269759450171776e-02
6.729852616064848150e-03
5.610397626112758468e-03
4.762555994729907732e-03
1.069562901155327386e-02
1.714339514978601570e-02
7.624869281045750305e-03
9.031009579955784350e-03
7.480250886283064220e-03
8.894857142857141852e-03
8.034760508308893406e-03
7.395997204100651819e-03
4.897457678355502005e-03
4.034603250478011049e-03
1.431954242135366701e-03
5.132305336832895110e-03
7.136492395437262284e-03
4.210232796987333284e-03
1.361286066584463383e-02
1.568268421052631829e-03
1.045780805687203732e-02
4.724085281980741971e-03
2.188367533059735765e-03
7.864343240651964703e-03
8.079137031768608701e-03
6.594329004329003638e-03
3.292733937041827756e-03
4.735420974889216830e-03
6.333007293007291913e-03
1.007713395638629161e-02
3.571629320167109614e-03
4.168576742364917161e-03
6.707373225152128693e-03
7.749010434197239547e-03
4.782227098189796577e-03
3.317880228136881830e-03
2.406358350951374233e-03
7.886884480746789855e-03
4.421165775401069212e-03
7.172956849116708666e-03
1.252832141154029341e-02
4.409385964912280326e-03
4.359611414693381412e-03
5.880394133822181360e-03
3.941074933095450004e-03
1.220724161533196309e-02
7.710088105726872060e-03
6.620827943078912842e-03
6.004525567404975575e-03
9.476572700296734611e-03
5.135795194508008948e-03
5.867254487856387798e-03
6.985305495855080767e-03
5.045561165048543031e-03
8.253668528864058912e-03
5.223179530201342569e-03
5.967854785478547523e-03
6.514139534883720169e-03
3.746369673491975125e-03
7.476416400425984522e-03
4.086939186467981183e-03
7.054854794520546736e-03
6.364494382022471003e-03
4.430754332313964830e-03
1.338692124105011691e-03
1.400638485804416369e-02
8.529691767460007273e-04
6.026880548829701388e-03
6.443042680128498179e-03
6.389138680363492043e-03
9.657955439056356561e-03
1.054556079170593762e-02
6.814363327674023696e-03
1.862765845992666279e-03
7.463582887700534463e-03
4.300350690754515745e-03
7.590041398344065694e-03
1.049711216314639338e-02
2.943592715231787942e-03
3.855742285237697721e-03
5.498291542711431987e-03
6.474434576672585817e-03
1.233699074074073865e-02
5.129487804878049041e-03
9.822572741194485896e-03
4.938361884368308238e-03
7.149727117680500579e-03
6.093646288209606660e-03
9.423396436525611347e-03
5.655280437756498094e-03
5.539071651090342677e-03
4.279371448863636060e-03
4.004735336194563226e-03
4.702892498066511828e-03
2.519916067146282974e-03
2.800086264100862515e-03
3.659791425260718045e-03
3.908677438659484762e-03
4.382609351432880176e-03
7.107913938260055145e-03
2.972080815709969830e-03
4.115785213167836090e-03
1.952574850299401091e-03
5.049349363507778417e-03
3.497094936708860288e-03
1.334815511163337139e-02
2.104339305711085996e-03
5.360322230267921748e-03
3.228497854077252809e-03
4.776050977653630361e-03
3.969452846975089072e-03
3.460526315789472923e-03
3.576732804232803618e-03
7.605278911564624170e-03
3.302895606991024854e-03
4.999050228310502123e-03
3.902963514519731253e-03
2.329619815668202473e-03
4.603616392057455556e-03
3.689803289261528105e-03
3.597477832512315128e-03
4.357486818980668697e-03
7.558945028294259370e-03
4.284492619926198904e-03
2.103806228373702059e-03
1.869339323467230458e-03
6.079904251244733909e-03
3.016708074534160851e-03
5.990286713286713596e-03
3.197264911337990324e-03
4.698971962616822762e-03
9.141108476585654841e-03
2.512580195258019324e-03
4.280410697230181694e-03
2.668111924686192120e-03
1.963770053475935584e-03
3.292459990855052705e-03
5.345691318327972993e-03
2.188312757201645552e-03
3.933420628525382753e-03
2.135489923558026460e-03
9.018064657055482186e-03
1.144994957983193340e-02
7.582306791569085914e-03
2.919216867469879434e-03
2.285264586160108257e-03
8.008436363636363062e-03
3.165349462365590720e-03
3.848406862745097547e-03
5.024686192468619597e-03
3.118448711470439214e-03
3.123249863908546080e-03
8.164201754385962823e-03
7.852539393939393653e-03
5.071947955390333947e-03
2.849853982300884579e-03
6.812516339869281387e-03
6.973048530416950733e-03
2.938192446043165571e-03
5.680800260247234959e-03
5.378104056437389355e-03
5.072918660287081133e-03
3.752340234023402062e-03
1.990029658922392274e-03
6.117150068838916356e-03
2.932284498048953053e-03
4.093162193698949257e-03
4.427676056338028174e-03
9.158417920896044393e-04
2.959996619337389862e-03
1.623257503949446972e-03
2.013104500381388169e-03
7.789307535641548132e-04
2.818346550356859263e-03
3.138652849740932588e-03
3.015092226613965472e-03
4.076555772994128711e-03
8.238108985925658018e-03
4.611448545861297765e-03
9.517050882658358718e-03
2.831080956761729446e-03
1.720558421851289821e-02
2.686313279530447469e-03
2.182791666666666214e-03
6.315739455419113781e-03
4.893943990665110266e-03
1.684641057934508496e-03
6.257515822784809854e-04
1.916342161775232448e-03
6.343194328607171771e-03
1.794298288508557049e-03
4.070656634746922312e-03
4.436801724137930808e-03
2.739923562645397298e-03
3.365609756097561172e-03
3.458350383631713428e-03
3.124884955752212264e-03
9.923006263048017236e-03
3.399933127572016267e-03
5.437553191489362045e-03
3.331822033898305079e-03
2.386145038167938534e-03
3.821527864746399397e-03
2.080361247947454424e-03
4.058427947598253205e-03
2.911976592977893498e-03
5.546686159844054116e-03
1.952477611940298119e-03
1.518132366273798779e-03
5.663289473684209215e-03
5.906430568499533747e-03
6.776544371276261702e-04
3.030958904109588674e-03
3.798451845184518290e-03
3.700449149823548394e-04
5.741569620253164120e-03
5.211880597014924591e-04
1.487122302158273238e-03
2.233001402524544053e-04
2.966003917727717647e-03
1.432111731843575559e-03
1.741906368620834908e-03
1.088966789667896633e-03
3.511522566612289200e-03
2.370880978065443862e-03
1.681532137518684496e-03
3.144123062015503380e-03
3.155330073349632818e-03
3.022437407952871784e-03
7.551405622489959068e-04
8.654910344827584923e-03
4.260568513119533142e-03
4.665163551401868558e-03
2.616950354609928926e-03
3.022365364308341688e-03
1.811939045936395570e-03
2.516182500721917108e-03
5.335018404907975603e-03
3.416902620258115142e-03
8.536445182724252539e-03
2.158935742971887419e-03
2.116190476190476155e-04
1.388798538145271733e-03
1.438364901430227690e-03
4.090628019323670934e-03
6.651621052631577838e-03
3.673072407045008692e-03
3.028371361132966167e-03
6.291472795497184828e-03
3.318797393364928804e-03
2.529663299663299520e-03
1.860871794871794740e-03
1.152630966239813828e-03
7.380974440894567598e-03
2.258340937370385479e-03
1.822635054021608551e-03
1.759441036128152596e-03
1.936896907216494653e-03
2.896749760306806774e-03
2.913162313432835632e-03
8.807162534435261777e-04
1.175726783310901587e-03
4.580772833723652931e-03
4.632359664719329665e-04
4.782135678391959653e-03
1.600448065173116011e-03
8.004821600771455659e-03
5.085935582822085493e-03
5.651159830268740261e-03
3.994484944532488216e-03
1.863762475049900169e-03
3.103277945619335211e-03
9.446782077393073643e-03
8.420000000000000401e-03
4.752926678989525503e-05
1.453903860160232851e-03
1.387170749023784039e-03
5.624794040315512014e-03
2.239297218155197368e-03
1.754606099110546293e-03
5.497664670658682431e-03
2.858195020746887721e-03
4.301200733272227475e-03
1.065941362460477151e-03
2.767216261998870809e-03
1.971369294605809092e-03
1.372492063492063499e-03
4.138273657289002344e-03
3.424531043593130597e-03
4.135465924895688310e-03
3.499806678383127721e-03
3.623124999999999610e-03
3.107012012012011753e-03
8.188085106382976541e-03
3.794582504970178856e-03
5.492902408111533311e-03
3.420018484288355008e-03
5.302103658536585357e-03
9.328493150684930013e-03
3.605328692962103589e-03
3.088318965517241298e-03
3.709239130434782358e-03
5.823170515097690972e-03
2.523644214162348680e-03
1.355375323554788456e-03
4.575133079847908124e-03
3.014999999999999451e-03
8.823981481481481259e-03
1.715236294896030095e-03
3.427922403003754413e-03
3.319373088685015089e-03
2.422550432276657055e-03
3.520710784313724889e-03
5.272407178217821365e-03
7.213467966573815227e-03
1.039042968749999928e-03
1.165090497737556385e-03
2.316116838487972639e-03
4.327697423108893549e-03
1.924686436558094250e-03
7.679204013377926609e-03
2.280918133129303856e-03
1.929302030456852678e-03
5.810677290836652707e-03
2.013394308943089375e-03
1.262672811059907822e-04
4.847681307456588352e-03
1.208967741935483911e-02
4.075871779508686774e-03
1.878099762470308506e-03
3.692889528607412597e-03
1.222307044625315763e-03
4.184452510586812377e-03
2.402335766423357305e-03
1.554414956982130835e-02
2.514219895287957748e-03
5.939479768786126018e-03
6.516969999999999534e-03
1.698394886363636339e-03
4.136114369501465646e-03
7.138234183191690362e-03
6.307871657754010597e-03
1.571847303790709950e-03
3.758606847697756447e-03
8.329371373307543208e-03
2.285278917145200893e-03
4.808840321141837071e-03
5.852981233243967699e-03
5.330132496513248497e-03
2.454734726688103004e-03
5.376925675675675413e-03
4.312646331409727626e-03
1.123604905825667782e-03
1.073328168454509152e-02
5.018014498590414943e-03
1.013589925226288796e-02
3.351604584527220244e-03
3.405609521519595718e-03
2.557821439798805066e-03
3.540652360515021083e-03
5.815818965517241187e-03
6.452205323193915994e-03
5.191731738035264623e-03
4.009520891364901952e-03
4.919680826636050469e-03
8.817334542157752308e-03
4.986286621955523905e-03
7.688760563380281007e-03
6.024663291139239867e-03
1.010667639547610432e-03
1.204773455377574319e-02
1.364010350318471329e-02
1.022737833594976331e-02
4.972818104184457445e-03
5.972539562923888726e-03
7.341846153846152793e-03
7.610433504775899680e-03
5.901086505190311290e-03
9.497136997538966133e-03
1.144743613138686153e-02
4.323974591651542389e-03
3.381893162393162251e-03
4.350390541024721537e-03
9.561035327037423898e-03
1.248499220576773129e-02
1.054589963280293599e-02
6.068538538538538474e-03
8.372835249042144892e-03
6.322847457627117987e-03
6.902160101651842392e-03
6.851812499999999397e-03
1.657256338028169004e-02
5.707746697746697746e-03
4.212683307332293348e-03
4.690348706411697800e-03
1.237416167664670552e-02
1.025987387387387352e-02
1.023158774373259016e-03
1.170783439490445665e-02
1.110866359447004563e-02
1.108870270270270221e-02
3.469008379888267098e-03
5.395367231638418387e-03
5.647149171270716972e-03
5.046619964973729847e-03
5.888295739348370708e-03
7.854571062740076451e-03
4.086838669567919961e-03
1.465322777101096168e-03
1.579650762420068853e-03
1.893820058997050136e-03
9.881157775255390921e-04
1.349387151310228088e-03
1.416064787042591554e-03
8.548645920941969067e-03
5.048035008469791037e-03
2.519635416666666551e-03
3.473989971346704269e-03
1.277581521739130270e-03
1.999623036649214765e-03
5.489609634551494144e-03
1.119318032786885192e-03
7.570473083197390473e-04
2.143427385892115837e-03
4.932447013487475419e-03
7.894645006016847225e-03
1.497454645409565695e-03
2.666185678301547044e-03
7.064673452078032174e-04
4.344440251572326099e-03
5.808309090909090366e-03
1.488446601941747355e-03
3.082571633237822517e-03
8.850316301703161151e-03
3.795830618892508460e-04
8.664070494599203451e-04
8.243201995012466865e-03
8.840622568093385722e-04
8.667108527131782425e-03
4.725589950650515431e-03
7.016009999999998741e-03
3.189532710280373277e-03
8.314335664335663692e-03
1.521801404212637723e-02
7.725248661055852950e-03
6.693117338003502954e-03
1.293230468750000001e-02
4.221274763135227440e-03
1.709095168374816925e-02
2.034421768707482883e-03
3.632250639386189021e-03
3.376301598332175080e-02
7.407140933572710015e-03
2.957572168763878198e-03
1.150555474452554829e-02
4.342752721617417801e-03
1.832340873224618276e-03
4.649405756731661392e-03
4.484583333333333477e-03
7.072284946236558588e-03
2.741046670461012857e-02
6.252662116040955467e-03
2.383303964757709295e-03
9.707897435897434521e-03
5.397988316903979018e-03
2.733994845360824752e-03
3.481642050390964041e-03
4.948994755244754719e-03
4.602477477477477479e-03
4.763694829760403357e-03
3.817397660818713269e-03
3.548879551820727576e-03
1.593068820224718875e-03
5.682888888888889233e-03
3.867698683568990617e-03
9.720905465634529369e-03
3.384241071428570596e-03
1.960307548928238476e-03
7.315759922555661876e-03
6.589652255639097227e-03
8.902717622080679599e-03
1.115715686274509726e-02
6.868185931715342640e-03
8.815887698799091191e-03
4.909230769230769030e-03
1.569783014465702189e-02
1.609148284313725256e-03
6.221850533807827925e-04
2.801808641975308233e-03
6.659100749375519365e-03
1.395907473309608571e-03
3.073226909920182253e-03
7.215108864696733945e-03
9.387576452599387129e-04
1.513928571428571450e-03
1.376399390243902236e-03
7.848959999999999878e-04
1.826312267657992415e-03
4.706253443526170303e-03
1.981114369501466282e-03
6.414362336114421510e-04
1.378863340563991208e-03
1.574819080360979548e-02
5.996700680272108383e-03
2.602508441871683245e-03
1.103564311594202934e-03
2.693489361702127750e-03
6.109966694421315250e-03
1.176161538461538382e-03
6.613415841584157490e-03
4.901967448539970920e-03
1.162977235772357648e-02
9.711346153846153739e-03
3.440460251046025333e-03
7.846701277955270976e-03
3.957789799072642875e-03
1.971418196994991281e-02
6.571504619445665482e-03
5.664474637681158817e-03
5.972137931034482775e-03
6.232066027689029536e-03
4.503017857142856475e-03
2.187540039062499733e-02
7.667013888888888143e-04
5.975669216061185729e-03
1.234273239436619544e-03
2.520485312899106191e-03
3.771779911373707682e-03
6.209389763779526658e-03
6.347324185248711878e-03
4.468187599364069860e-03
7.038836265223274904e-04
9.594745762711864162e-03
4.800874805598755353e-03
4.966111628773760105e-03
3.653805144193296613e-03
5.519732937685459945e-03
4.436027924891670568e-03
4.336742081447964026e-03
2.254915220426889980e-03
6.566545801526716547e-03
8.542392880685562018e-03
3.182287277701778029e-03
5.693343677269200806e-03
5.605106224375698033e-03
1.385611907386989899e-03
1.150572569906790693e-03
2.854299999999999719e-03
5.609366399082568386e-03
2.312758848825669736e-03
3.396777777777777209e-03
3.734922208013640062e-03
8.329028953229398666e-03
5.530883084577114736e-03
2.682299428175359286e-03
6.248555758683729811e-03
5.741713160485723520e-04
1.931467680608364886e-03
3.211511132164850471e-03
3.414917247386759468e-03
2.565836646187206332e-03
2.436955117855989054e-03
3.277660644866224170e-03
2.014520609318996413e-03
2.365057827926657190e-03
7.880674348318850164e-03
4.895811676082862350e-03
1.897246541165797072e-03
1.425678137651821900e-03
2.521402061855670170e-03
3.240912659470068704e-03
7.306182108626196187e-03
2.391198668146504031e-03
1.705233050847457330e-03
2.324067048963387571e-03
3.102142857142857132e-03
2.343753424657533599e-03
6.384674329501915241e-04
5.561262546222925374e-03
1.258325800376647666e-02
1.149623430962343077e-03
2.782212081703607041e-03
1.628813432835820793e-03
1.065154727793696243e-02
6.485180467091294573e-03
8.619606986899562215e-03
2.920339578454332272e-03
3.405613126079447273e-03
4.474948805460751342e-03
9.195404475043028256e-03
3.929596774193548289e-03
3.049444444444444468e-03
2.829892106757523479e-03
1.595924932975871123e-03
2.719452332657200638e-03
4.621287425149700132e-03
1.064783681214421206e-02
2.577905405405405553e-03
2.920140845070422382e-03
3.980000000000000031e-03
6.175053435114503247e-03
6.928128286014720132e-03
5.798891129032257563e-03
7.581375245579568406e-03
5.519496805111821433e-03
6.262569521690767790e-03
9.686423982869379196e-03
4.440381176470588331e-03
6.656137770897832887e-03
6.528768898488120608e-03
2.162979591836734338e-03
3.657716894977168422e-03
3.796502782931354073e-03
1.006710273181992939e-03
2.003437856328392150e-03
1.261547049441786184e-03
7.083567753001713749e-03
6.597431662870158892e-03
3.256050613496932426e-03
4.744343029087261937e-03
1.824731332868108737e-03
3.764358068315664524e-03
5.420631627478101136e-03
7.242813455657491628e-03
3.971976095617528978e-03
6.857303493449781392e-03
1.573364269141531166e-03
6.945105708245242863e-03
2.554609004739336314e-03
5.556141068849300944e-03
2.716692759295498590e-03
2.142225210084033708e-03
9.883626625860749901e-04
1.899127234490010328e-03
3.735516194331983588e-03
1.210451547437848933e-03
4.300988074957410451e-03
3.713209574987786851e-03
1.110441489361702061e-02
1.062694995278564737e-02
2.685396379525592514e-02
5.195026455026455041e-03
8.177186147186146434e-03
2.116871508379887870e-03
2.180936329588014505e-03
3.417914923291492067e-03
9.548899220155967690e-03
8.566668896321070689e-03
6.377786930258099590e-03
1.181293963254593030e-02
5.406723163841807523e-04
9.682320441988950550e-04
1.625326576576576485e-03
2.220501964207769342e-03
1.821756521739130311e-03
4.375501964987494816e-03
3.909594339622641385e-03
3.501432692307692145e-03
4.690726027397259905e-03
3.291938418474457673e-03
3.009736346516006696e-03
3.850533736153071394e-03
7.219160256410255515e-03
2.686855550394797593e-03
3.142625763303285615e-03
2.654919053549190631e-03
3.718638573743921968e-03
2.793686908517349979e-03
3.672048429319371525e-03
6.614515388148828681e-03
4.409610910549538118e-03
4.127798449612403095e-03
3.746592817580846318e-03
4.207223772321428551e-03
2.606078173034694599e-03
4.895558769392583873e-03
3.062565530799475286e-03
4.163676012461058930e-03
3.706066903193106724e-03
4.782943820224718444e-03
3.676160188457007743e-03
4.101658090337335916e-03
4.959612216884007677e-03
2.557204047217537593e-03
5.276434354100668911e-03
1.001239958805355199e-02
9.925542068965516329e-03
6.602602630530090763e-03
1.456382432432432386e-02
2.332748951781970451e-03
1.910713395638629145e-03
1.795368529310935671e-03
1.686019801980197935e-03
4.753107803337843634e-03
3.240914512922465039e-03
5.225532928942807839e-03
6.426447334863555350e-03
3.107521406038755811e-03
1.275550428477257659e-03
2.911584835301429201e-03
3.265866141732283109e-03
1.096081481481481559e-02
1.506030828516377465e-03
2.279239616613418055e-03
8.788023032629559052e-04
1.549256922537679436e-03
4.471760242792108438e-03
1.897010550996483004e-03
2.541292456991618709e-03
3.612728726807421485e-03
5.508017492711370436e-03
3.765453451043338298e-03
1.916316575410651792e-03
2.297904145077720155e-03
4.024603595638078651e-03
1.976198372966207588e-03
1.339489255683587714e-03
2.858537175095707868e-03
3.520455813953488403e-03
5.771829446064139640e-03
1.557167652859960680e-03
2.212593659942362588e-03
3.677452927079766579e-03
2.037047223663725724e-03
3.537425373134328414e-03
3.093463145896656157e-03
1.218278619528619534e-03
3.276051502145922376e-03
1.196181434599156079e-03
6.407967667436489413e-04
2.486706096451319140e-03
4.385041938490213606e-03
2.180607164541590627e-03
4.716712550607286836e-03
3.441349637681159410e-03
8.802531073446327736e-03
2.405470494417862384e-03
7.350129870129869583e-03
8.840007369196756920e-03
9.801291810841984004e-03
1.357139612558450059e-02
7.936239626556016585e-03
4.630211565585330702e-03
8.519545810493342475e-03
6.054023166023165224e-03
1.125359404096834201e-02
1.077422351233671936e-02
3.056963036963037013e-03
8.251709239987385300e-03
4.215680672268906637e-03
5.433118421052630931e-03
6.902557662737057211e-03
5.255507364975449576e-03
5.872684014869887850e-03
2.847776548672566362e-03
4.172466598150051734e-03
9.344620390455530418e-03
3.171744966442952354e-03
3.738918640576724406e-03
4.342271062271061549e-03
6.933977641543453800e-03
3.884533035963200209e-03
4.996157354618015710e-03
4.520191235059760511e-03
5.917303149606299197e-03
5.505378071833648412e-03
7.164003887269192530e-03
5.133395493395492663e-03
3.001914580265095146e-03
9.572473175965665396e-03
2.802076668505239579e-03
3.441650273224043308e-03
6.888259587020648111e-03
5.045371584699452801e-03
2.714146341463414148e-03
7.796148238153097210e-03
2.782345971563980613e-03
5.322653061224489127e-03
4.946174999999998836e-03
5.643942457231725454e-03
9.709763033175354552e-03
1.642184269662921164e-02
1.191860377358490430e-02
4.534152591729761171e-03
1.803677647058823247e-02
5.074806629834253610e-03
4.382739726027397135e-03
6.258515691263782411e-03
1.188690476190475999e-02
8.053760775862069121e-03
3.040964575330772340e-03
6.598115216030056573e-03
3.746497685185185174e-03
1.053355805243445451e-02
3.209237160120845603e-03
1.587744360902255437e-03
2.100632843313015186e-03
7.435167007498294858e-03
3.178446469248290968e-03
4.387759113652608782e-03
2.956832706766917077e-03
2.029292501096330477e-03
3.118037908037907605e-03
2.283738347798135344e-03
2.130122432039842188e-03
8.522123860182369282e-03
4.107615112160566649e-03
2.086686614173227823e-03
3.564399765189315769e-03
1.793801749271136921e-03
3.877304915778617689e-03
4.633113772455088944e-03
1.861894600711283456e-03
3.604695294420159034e-03
1.351336593317033381e-03
6.833362293657688821e-04
3.244686797301638004e-03
4.078047203362430637e-03
3.874956199460916247e-03
2.110772179627601330e-03
4.310810020113365823e-03
2.680843672456575261e-03
2.699052312357847015e-03
5.807048827190042575e-03
1.419333333333333211e-03
1.365564327485380277e-03
2.812823800131492198e-03
4.256282600233553953e-03
5.718385185185184336e-03
3.944293593053273782e-03
6.865807881773398902e-03
4.928328563251287674e-03
2.258638538494997603e-03
5.510119956379498120e-03
4.766794697484704087e-03
3.087384105960265177e-03
2.202770247933884089e-03
3.032680067001674879e-03
2.244487764413106469e-03
2.562201939532230723e-03
1.823802423112767714e-03
1.473590483056957381e-03
1.933512544802867394e-03
4.196710526315788892e-03
2.276425834701696540e-03
4.232115020809685407e-03
2.684656750572082026e-03
5.826785714285714034e-03
1.608107216494845167e-03
5.131339960238567866e-03
9.157631578947368622e-03
4.984767314034444473e-03
3.506941431670281516e-03
2.788986332574031491e-03
3.341714446318156014e-03
1.507172795571372001e-03
9.170820265379974606e-03
1.426365767878077281e-03
5.318764227642276687e-03
9.932245827010621145e-04
3.432345545977010838e-03
9.709899487957518276e-04
1.087075892857142668e-03
3.052036156041864484e-03
4.074617431803060318e-03
1.480892434988179737e-03
4.512309677419354056e-03
7.514055299539170330e-04
3.077669452181986949e-04
7.966774979691307497e-04
1.698916230366492126e-03
4.082845188284519038e-04
7.037237945492661817e-04
8.226283155356526721e-04
1.852679474216380011e-03
7.205880191106210511e-04
2.046783468104222854e-03
3.066439001413094265e-03
7.540899961375047492e-03
4.472097315436240894e-03
2.358440502586843512e-03
5.795865979381443003e-03
2.489967159277503995e-03
3.352174218475588181e-03
5.330971385542167956e-03
4.990637651821861268e-03
2.016831649831649781e-02
5.567415074309978347e-03
1.861987667754805937e-03
2.913160919540229692e-03
1.023045084996304470e-03
6.463384005287507814e-04
1.649193815571507434e-03
7.844841592201462965e-04
1.682861457153642755e-03
3.490010515247108096e-04
1.164225352112676108e-03
2.923048862115126822e-03
2.325969049373617821e-03
1.650422338568935388e-03
3.023991354466858822e-03
1.156937661591496674e-03
8.637981744421905500e-04
1.521733122779313132e-03
1.913775269099501301e-03
3.529140243902438231e-03
3.876877934272300618e-04
1.204750215331610707e-03
1.849816549570647891e-03
3.743167989417988881e-03
2.544759458197103693e-03
2.536130374479888660e-03
7.157421307506053355e-03
4.220898203592813452e-03
8.208652234636871006e-03
2.908927294398093097e-03
2.548392370572206619e-03
6.368490783410138065e-03
7.539834905660377021e-03
4.611639793124429690e-03
8.762948328267475273e-03
1.223941225860621096e-02
3.055555555555555282e-03
2.899393034825870595e-03
6.538224622030237680e-03
4.379565472695243385e-03
4.626942701798410391e-03
5.603740898058252179e-03
3.779750304506699059e-03
3.539147869674184963e-03
4.482605951307483926e-03
6.216083916083916042e-03
3.005842044134727012e-03
6.659488692232054313e-04
2.823470798038341372e-03
3.935876082611591657e-03
2.343974424552429641e-03
5.099073800738007124e-03
2.373913575214023613e-03
5.921205643437366887e-04
2.926263714342708811e-03
2.192077764277035063e-03
2.566879966541195813e-03
4.808327032136105669e-03
2.850411985018726484e-03
4.371566632756866341e-03
6.355381552753815166e-03
1.716002490660024872e-03
1.815200974421437088e-03
5.195981273408239315e-03
2.286911807793729455e-03
9.569248534375554907e-04
1.003286109573879245e-02
4.179334733893556864e-03
3.657362440191387620e-03
1.156403603603603676e-02
4.750413533834586116e-03
3.121058751529987452e-03
1.534012593016599764e-03
1.023387900355871884e-02
5.590849215922798036e-03
2.084852147081511786e-03
1.773159259259259046e-02
3.063378891419893044e-03
1.969369235346622726e-03
5.919688618468145827e-03
3.497773788150807667e-03
1.224213091922005635e-03
1.263499111900532853e-03
4.957942675159235715e-03
2.481679442508711187e-03
1.871043285238623705e-03
4.037190690077582279e-03
4.181482352941175672e-03
3.095982388552558778e-03
4.269506976744186569e-03
2.258474666666666648e-03
1.992272357723577116e-03
2.865356294536816704e-03
2.803933382316923552e-03
2.297481751824817335e-03
1.898454680534918072e-03
2.918133333333332996e-03
2.330432014552069088e-03
3.606341463414633811e-03
3.171301369863013548e-03
4.316950212659494135e-03
5.183654121010005181e-03
1.883641390205370971e-03
8.397417133017649532e-04
2.427076764021710714e-03
3.841728045325778704e-03
2.336682825484764393e-03
1.456992936427850462e-03
2.466375326939843071e-03
1.825675171126322008e-03
1.492493297587131271e-03
2.886891714160455969e-03
1.958092255125284432e-03
1.170931770363690862e-03
2.176277807921866460e-03
3.055938786008230088e-03
4.327766103243490398e-03
1.014013626509755340e-03
2.154553805774278054e-03
1.696994713298088410e-03
7.986795112781954007e-04
5.229846368715083439e-03
5.126912691269127189e-04
1.031363348129359309e-03
3.155946911689637381e-04
2.407613718411551890e-03
2.751611347517730465e-03
4.535822235986372922e-03
1.147496620099143841e-02
2.605082055421038302e-03
2.508428030303030097e-03
3.961345125462771913e-03
1.613022573363430932e-03
1.784425457715780282e-03
4.818034983252697696e-03
3.723383668903802821e-03
1.674341502827901909e-03
1.924009794319294763e-03
3.868171745152353992e-03
2.419725298126064808e-03
2.370554263565890878e-03
5.475233022636484190e-03
3.963834688346883246e-03
4.063314176245210428e-03
2.320212387280493147e-03
5.213970416504476804e-03
4.640550084073984116e-03
3.997035192029567939e-03
2.391785924098225897e-03
2.391649026649026767e-03
3.377518832840659645e-03
2.012443883649887248e-03
2.105042091836734509e-03
3.117585278276480392e-03
3.617111441307577398e-03
3.480933871781927754e-03
2.879315512353179327e-03
3.463404874499817834e-03
1.679968338610231433e-03
5.829134615384614498e-03
6.515841555426580244e-03
3.072309775250473690e-03
2.359507992895203826e-03
2.238171783373577115e-03
3.322401384083044449e-03
9.900350877192981916e-03
3.750326441784548187e-03
2.045651093439363778e-03
3.029407713498622617e-03
1.900565570076611028e-03
4.447575301204818518e-03
4.229212395093608426e-03
2.746302952503209063e-03
4.208341989612464015e-03
3.025181940700808533e-03
3.479955509924709083e-03
3.043766396002497987e-03
6.140175566934893449e-03
2.917820954254795630e-03
5.424646139705882261e-03
1.244258748674443270e-02
6.666211699164344487e-03
4.457130829015543833e-03
1.635160311958405374e-03
4.276305848165637760e-03
5.207475409836064863e-03
2.773400621118012575e-03
1.973867397806580021e-02
8.438407079646017411e-03
2.764632683658170813e-03
4.926445497630330822e-03
2.450898032200357797e-03
3.163220996122874731e-03
1.293415915915915870e-02
2.209538177339901051e-03
2.825868544600938607e-03
2.830949940875049017e-03
5.546385683551730006e-03
3.455028581636297898e-03
1.608479071694985350e-03
3.561806526806526613e-03
1.903762278978388817e-03
2.964019358125318492e-03
3.427397533550960787e-03
4.974310344827585773e-03
2.655262722383119282e-03
3.541399999999999670e-03
5.635112292130978542e-03
2.892082168809390758e-03
2.315383870967741790e-03
5.150959137343926256e-03
2.297457865168538952e-03
4.131473941368077329e-03
1.877002131186360180e-03
1.670979443772672209e-03
4.161472353193312532e-03
3.238006859756097783e-03
9.437365239294708691e-03
1.196995027624309267e-02
6.586716354344122025e-03
6.942756878158337294e-03
6.529350362661620090e-03
6.036502415458936364e-03
5.535402374670183798e-03
3.801717337715693982e-03
7.090424028268550380e-03
6.734147058823528736e-03
4.658769230769230218e-03
9.311514118792598924e-03
7.705722135007848569e-03
5.806052980132449942e-03
6.946051318602992908e-03
4.621275584795320884e-03
5.785849148418490198e-03
7.229891304347825162e-03
4.337437595517065758e-03
5.741642664266425646e-03
8.975338345864660936e-03
4.080803278688524549e-03
5.198651591289781340e-03
4.798466522678184951e-03
1.896253277399056331e-02
1.041040404040403933e-02
5.976156405990015741e-03
4.511098039215686098e-03
3.737986852917008721e-03
3.831136507936507268e-03
8.438027681660898588e-03
6.917965084560828704e-03
9.531003636363635095e-03
1.257508411214953298e-02
4.143549446040213288e-03
6.950199511400650780e-03
1.466948005378753729e-02
3.027414056531703770e-03
2.151712681328965537e-03
2.941812476928755849e-03
7.200823341326937493e-03
8.636548117154810994e-03
9.059627984453080471e-03
5.784730254639620234e-03
4.022364640883977459e-03
2.406486486486486727e-03
3.036920325203251725e-03
4.160785907859078023e-03
3.345218328840969708e-03
2.090074688796680208e-03
4.943281030444965016e-03
2.151095559845559672e-03
6.498616407982261284e-03
3.030763513513513516e-03
3.245305954825461730e-03
4.838656611715187392e-03
6.787326607818410830e-03
7.608453038674032123e-03
5.985031385803958257e-03
2.765987972508590718e-03
4.487510570824524044e-03
3.573211640211640394e-03
3.898792561550549866e-03
6.294939833384758168e-03
3.655550323719834824e-03
7.668699059561127906e-03
3.661102831594634580e-03
3.002078863438677366e-03
4.456343503937007337e-03
1.411474115238373767e-03
3.985869054609512616e-03
2.400282685512367033e-03
2.325898143502257674e-03
5.278033222591361692e-03
4.954016544117647095e-03
5.638262370540851262e-03
5.946788247213778689e-03
6.670218303946262584e-03
7.889855343771273039e-03
7.412289926289925696e-03
6.289836759371220457e-03
1.069379417879417864e-02
3.292707633221315412e-03
6.823627317955675321e-03
8.572594235033259569e-03
5.015066312997347106e-03
4.674218669417225594e-03
3.225802171290711486e-03
6.217574732092497752e-03
5.833643101482325483e-03
9.345442307692308076e-03
4.410773899848254714e-03
4.034799999999998978e-03
4.177573283858997469e-03
3.441023930953314956e-03
9.429366515837103724e-03
6.693505668934240233e-03
5.991702508960573131e-03
4.740401785714285290e-03
6.105687679083093844e-03
3.296409116175653010e-03
2.386588132635252858e-03
4.902222222222221877e-03
5.901351444291609571e-03
3.890572661870503410e-03
4.918802266510355348e-03
5.401050080775443747e-03
8.595825072886295604e-03
4.381372549019607252e-03
3.207540435025097586e-03
5.767286821705424997e-03
7.532209821428570776e-03
5.988707909162099136e-03
5.403717660292462789e-03
4.541828139463128036e-03
7.469134199134198383e-03
2.022440657334144930e-03
2.583969101123595371e-03
4.092511658894070446e-03
5.101699999999998944e-03
5.874733253108704173e-03
2.758998217468805469e-03
4.428950276243093578e-03
4.538306240167802943e-03
5.825996533795493870e-03
5.011202635914332668e-03
1.956550131926121112e-03
7.953798580601554452e-03
4.068177177177176654e-03
1.809927423535510720e-03
4.029805623047552805e-03
2.724427621861151300e-03
3.367652661064425047e-03
5.309656278643446262e-03
8.739775280898875315e-03
5.796991210277214080e-04
4.003427701674276348e-03
5.083746300211415721e-03
3.080255463219452004e-03
4.611024342745861232e-03
3.541475010158471378e-03
3.688578990228012951e-03
4.581592300962378933e-03
5.116717337715693745e-03
5.289148848684210175e-03
2.681350322202694526e-03
4.627901052631578152e-03
6.828665048543688422e-03
6.783265406334396813e-03
1.896128506787330163e-03
2.806343395418540131e-03
4.063412570507654760e-03
4.296786315199102417e-03
3.323138389684231718e-03
7.221686890316439227e-03
3.097094875346259775e-03
3.869341042984943829e-03
5.782316384180790497e-03
3.703279151943462445e-03
6.607621899059024431e-03
7.383570544554455021e-04
3.120387642086854679e-03
1.184647915419908106e-03
2.602298760086596812e-03
4.156682962600830727e-03
2.716172601860763688e-03
1.839985477781004792e-03
2.467175350436392415e-03
6.137590243902438236e-03
2.620897709923664196e-03
4.028064202334629557e-03
4.161609271523179082e-03
3.035821135308818149e-03
2.976516575952498599e-03
3.458323684872891598e-03
2.797437519126797813e-03
1.089174458380843744e-02
4.456845054095825986e-03
3.909408197914139571e-03
4.544703608247421811e-03
3.619275527666856312e-03
3.176894327030033247e-03
3.799745989304812756e-03
3.537064401422362718e-03
4.547840579710143646e-03
6.796104559748427157e-03
5.413941299790356841e-03
2.756206257719225495e-03
3.823463364993215374e-03
3.773876666666666109e-03
5.652904808635916302e-03
4.594816671063043506e-03
3.508229166666666440e-03
4.524527063969382285e-03
5.048957575757575048e-03
5.259821502698214246e-03
5.103097497842967387e-03
6.387346437346437186e-03
7.677880067567566767e-03
5.662693602693602384e-03
5.253324175824175719e-03
4.526121919584954328e-03
5.234808454425363307e-03
4.161158077591198962e-03
2.173214467651553468e-03
3.413664739884393184e-03
1.070362009635237276e-02
2.121421686746987473e-03
5.340290193462307947e-03
3.072071135430916484e-03
2.797134703196346803e-03
4.838539218799618388e-03
5.825819819819819112e-03
5.069816108863553147e-03
6.034446376811592946e-03
3.911545741324920500e-03
2.802403879459646786e-03
9.544825523429710870e-03
4.132991533396047738e-03
6.370392897619947016e-03
2.563664369679772691e-03
5.412701592193117257e-03
6.807588518751309103e-03
8.214064544265153867e-03
4.204324217201743305e-03
3.943462093862815099e-03
6.200060840707963608e-03
5.338853649216659773e-03
5.975349770642201554e-03
1.096741540676745771e-02
4.770989660265878216e-03
7.787179080824088717e-03
7.200962512664639895e-03
3.264302884615384592e-03
4.412861538461538072e-03
7.727336561743340659e-03
5.528392990305741085e-03
4.816380368098159039e-03
5.655122736418510647e-03
4.409413690476189293e-03
3.300399305555555551e-03
3.352098348348347967e-03
3.005575139146567445e-03
2.214338181818181761e-03
3.947398077560490548e-03
6.256071057552461262e-03
6.146400852878464681e-03
6.964116305587228495e-03
5.038380709038645794e-03
1.066106542882405001e-02
2.855488707165108799e-03
3.320662332385209033e-03
3.735485714285713670e-03
4.633150289017340384e-03
7.139574669187145027e-03
2.183083853083852850e-03
1.121050304035378642e-02
3.509848804500702909e-03
8.705348027842226694e-03
4.365753608593487232e-03
4.485106382978722508e-03
6.298387387387385968e-03
5.410879310344826609e-03
9.155092478421701652e-03
3.608006814310051220e-03
6.311029986962190044e-03
5.635395256916995131e-03
4.814363449691991433e-03
8.138657112526538964e-03
1.138650063856960423e-02
3.889205155746509185e-03
5.097900403768506304e-03
7.548030560271645761e-03
3.730284450063211035e-03
7.601839207048457364e-03
6.951381267738882680e-03
1.434877358490565732e-02
3.738065573770491239e-03
8.594326530612244469e-03
5.132549575070820963e-03
6.824526678141136157e-03
3.150302254098360198e-03
8.557087316762267137e-03
8.979799546142207961e-03
3.957669039145907466e-03
4.928988361683079786e-03
4.375768541741310164e-03
5.606850998463901864e-03
6.242003297609232705e-03
6.380430790960451085e-03
3.239558139534883668e-03
8.859421888790819724e-03
6.360164910673383673e-03
4.404159911569638722e-03
6.274756314478832989e-03
6.333068181818181028e-03
7.551464212678936014e-03
7.359922480620154431e-03
6.584054862842891528e-03
5.372364457831325067e-03
6.270578982597054679e-03
7.266418118466898800e-03
5.557966254896053171e-03
2.799995751009134656e-03
5.298668407310704563e-03
2.748258350374915230e-03
4.347474612506680401e-03
4.478445116527307937e-03
1.364271358828315558e-02
7.036004932182491137e-03
4.272579229644075764e-03
6.396569878749201396e-03
8.628415446071903763e-03
5.833646975592500505e-03
4.932470862470861653e-03
3.527896528250510592e-03
4.499091583240637411e-03
6.157196825396824870e-03
6.361988716502115296e-03
5.742827956989246356e-03
7.208037995414346040e-03
2.623601500625260142e-03
4.163314917127071760e-03
3.178730606488011125e-03
1.602986111111111278e-02
4.261120499632623654e-03
1.842038475325606401e-03
5.428427419354838607e-03
4.453882063882063855e-03
2.283607896528250508e-03
2.486327761030419220e-03
3.907920924033762324e-03
6.587397260273971690e-03
3.237793522267206139e-03
5.250339992989835024e-03
4.822249508840864216e-03
2.271398165772624787e-03
3.845855978260869466e-03
4.410582777616700763e-03
3.562310855263157994e-03
4.554410611998793712e-03
2.905786290322580692e-03
3.556243494423791136e-03
5.566542688081148327e-03
4.025815856777492999e-03
2.471368658965343926e-03
7.419458174904942395e-03
2.708973531310522424e-03
3.954184636118598245e-03
7.048354173707332970e-03
5.694647330257085298e-03
6.720013339261893259e-03
4.301700850425212337e-03
5.225880201188842084e-03
3.941961476725520941e-03
5.446198614318706333e-03
4.037618002195389466e-03
4.517874285714285412e-03
1.727695871946082623e-03
5.386718414139001279e-03
3.484159613059249760e-03
1.933792181757433689e-03
3.527760514752040048e-03
3.866928755998523277e-03
3.188077726702882864e-03
4.588282370705926844e-03
4.902891832229579888e-03
5.310904022301870392e-03
3.157880841955048278e-03
3.436520311858842769e-03
4.250162620247365658e-03
4.563326693227091543e-03
4.603310393925011748e-03
8.087980830670925964e-03
3.222841091492776623e-03
1.996835527783976435e-03
4.087592339261284999e-03
4.066675479180436280e-03
2.849072110286320243e-03
1.926590836270425898e-03
3.542398212512412603e-03
3.178764976958525085e-03
4.605257009345793857e-03
2.640006988120195772e-03
2.779440559440559191e-03
1.737436670687575110e-03
3.085588433086751577e-03
2.014901639344262359e-03
4.632191558441557666e-03
4.264810690423162173e-03
2.744381605255640909e-03
5.608136020151133043e-03
1.936102825745682860e-03
4.254872711031709893e-03
9.335180722891565832e-04
2.066968622100954708e-03
3.370648406931246472e-03
1.931980659025787743e-03
5.609698565993560815e-03
3.697704149933065537e-03
2.679296912114013940e-03
3.786859574468084272e-03
4.213520452567449774e-03
2.708009810791870645e-03
1.778340760869565051e-02
9.089861259338312405e-03
1.327178164768921462e-02
3.476497695852534715e-03
8.575595829195630654e-03
8.175627615062760686e-03
6.054052173913042692e-03
4.780668332292316997e-03
4.233342786246012054e-03
7.379656626506024206e-03
3.312445328031808547e-03
3.767382230172927268e-03
4.452393543956044072e-03
4.532134427911749600e-03
8.127107279693485120e-03
5.106689342403627346e-03
7.823968542044767299e-03
6.945827841845138642e-03
6.153573586534309692e-03
4.322504432624113199e-03
5.388830028328610994e-03
6.496463855421686674e-03
4.573902738046586869e-03
5.806317799847211109e-03
3.352125527426159674e-03
4.028100871731008295e-03
1.006005747126436853e-02
5.139963724304715161e-03
4.868997214484679058e-03
4.823146666666666693e-03
6.555867410161089065e-03
7.498536306460832496e-03
5.388109627547434458e-03
4.828289855072463721e-03
2.152919174548580984e-03
6.732463022508038131e-03
5.704484503478809976e-03
5.299189814814814735e-03
1.318209842154131547e-02
1.327379999999999879e-02
6.264720496894408963e-03
4.920526854219947968e-03
7.144064665127021485e-03
2.867149234693877440e-03
3.543245798319327733e-03
6.411944652206431373e-03
2.292258064516128693e-03
1.261888992537313348e-02
8.625174160861304520e-03
1.035822924600152128e-02
6.427133357960841328e-03
3.717086894586894234e-03
2.500422110552763533e-03
1.543916279069767333e-02
5.464071537290714556e-03
5.827929634641407057e-03
1.126550601202404647e-02
5.854018126888217710e-03
9.861989036805011988e-03
7.070631911532384260e-03
2.860751445086704824e-03
1.261852209944751280e-02
4.233343319352905754e-03
1.363467829880043308e-03
4.001724137931034556e-03
9.469570164348923430e-03
2.997643564356435204e-03
5.268135942327497462e-03
2.185831175556706384e-03
4.358438448566610141e-03
5.370674373795760598e-03
8.327582236842104996e-03
5.017238398544130243e-03
4.550889987639059747e-03
4.316649528706083781e-03
2.334497837578087230e-03
3.359466666666666504e-03
4.624801202806548030e-03
1.353205588822355143e-03
6.283844348846302774e-03
4.330707925200356044e-03
2.624353448275862019e-03
4.894441773504272161e-03
7.719903999999998788e-03
2.762425343018562983e-03
2.459092307692307359e-03
3.074921917070544061e-03
4.165705980066445116e-03
3.970897915553179419e-03
8.443298350824586518e-03
5.691685288640595947e-03
2.591409961685823670e-03
5.081096408317579624e-03
8.055068268705625756e-03
4.369189285714285449e-03
3.639726950354609490e-03
6.313092783505153301e-03
4.661848534201954060e-03
5.827343144848954465e-03
6.446698795180723189e-03
5.805770234986944861e-03
5.379769378603458871e-03
2.855454545454545572e-03
4.963532322919888412e-03
7.454977334542156782e-03
4.515303140978815452e-03
6.522624633431084798e-03
6.392263397947547769e-03
9.269771946266790186e-03
4.922965806001395467e-03
5.466394999999998894e-03
5.167180873180873477e-03
5.198573342263897515e-03
1.169838308457711281e-03
5.597791798107253861e-04
3.894971590909090866e-03
5.106683702441794717e-03
9.432098082595867516e-03
7.067009735744088882e-03
7.276802419354837931e-03
2.805505070993914545e-03
8.373154574132492256e-03
2.040064335664335156e-03
3.593519470977222380e-03
5.951542416452441746e-03
4.115742882562277091e-03
3.800335463258785237e-03
4.916998368678629841e-03
3.582791946308724190e-03
2.838962655601659328e-03
9.556054158607350801e-03
6.937043478260869651e-03
7.547331536388139639e-03
7.210379641218189056e-03
6.972876602564102161e-03
4.650604982206405641e-03
1.307881835937499751e-02
6.577469122426867973e-03
7.555874125874125977e-03
4.757800289435600884e-03
1.195950276243093816e-02
5.789927293064876454e-03
4.232472515144716091e-03
6.767284768211919571e-03
4.703951915852742222e-03
6.738635563380280559e-03
8.831245283018866743e-03
4.298266968325791318e-03
5.676710120068609311e-03
5.086467770034842212e-03
5.558518918918918528e-03
1.592091928251121100e-02
7.315002616431186613e-03
5.556473275468249914e-03
3.617694656488549577e-03
7.620051100628931484e-03
2.696516014934171451e-03
5.672624839948783512e-03
7.263734853884533382e-03
3.514052065647990664e-03
4.849034132171387013e-03
1.084106069200226757e-02
3.681343836886005489e-03
4.115521273140629495e-03
6.904256926952141021e-03
2.065393075356415555e-03
5.010336081166771871e-03
9.793132392216710030e-03
1.231248708487084689e-02
8.787895161290321805e-03
1.243068201193520822e-02
7.195407152089616093e-03
4.529313563975836607e-03
7.487276524644944850e-03
6.212883280757097032e-03
4.033533246414602001e-03
6.630438652256833397e-03
1.270682395644283022e-02
6.875171624713958748e-03
6.453053830227742718e-03
5.787734922861149586e-03
3.217013888888888614e-03
1.412300335570469689e-02
7.240728323699421529e-03
1.242412471825694864e-02
7.369515418502201737e-03
6.678443072702331187e-03
1.807031250000000044e-03
5.252064714946070960e-03
6.199934438873891049e-03
6.332665060240962734e-03
3.581170084439083169e-03
3.729433485078401372e-03
5.255164007092198025e-03
6.766786127167629186e-03
6.517705156136527692e-03
6.741110210696918924e-03
4.759755334281650166e-03
3.832134646962232979e-03
5.772067144473782413e-03
2.509826743669479887e-03
3.341502590673574823e-03
3.654599236641220637e-03
5.669711583924348999e-03
5.709871566179093236e-03
3.297872715260955802e-03
5.246228842247799631e-03
4.240593856655290074e-03
5.734951001278227808e-03
7.981857142857141235e-03
9.402238349885409102e-03
5.870889201124045165e-03
5.356555333998005292e-03
8.280243000528261094e-03
4.590999296270232427e-03
4.350042836744406546e-03
3.876664159458443129e-03
5.056127147766322286e-03
4.312918580375781942e-03
6.338762376237623043e-03
3.833870211102423375e-03
5.158247483718176110e-03
1.016080056179775176e-02
3.765632377740303106e-03
5.319397058823529395e-03
4.449653906659674016e-03
5.835819975339086307e-03
3.519039548022598503e-03
1.035436545240893055e-02
6.447692307692307057e-03
5.334020028612303579e-03
4.897533905341821397e-03
6.366463484761357081e-03
5.896531196336577199e-03
9.443534387642515265e-03
9.203128809427061491e-03
4.203045420699925289e-03
7.384221241940955825e-03
4.288326871458395320e-03
3.113432765151515243e-03
3.402634358496426856e-03
4.482044040210627495e-03
6.636156133828995454e-03
3.051010539367637626e-03
7.428285371702637169e-03
5.031432765707574348e-03
3.999288702928869774e-03
5.046786240786240926e-03
1.513903743315508086e-04
8.398189845474613412e-04
1.267279285468910941e-03
2.607131827280526146e-03
4.033180764774043497e-03
1.519995700245699993e-02
2.943075898801598110e-03
2.435061143984220897e-03
8.756692015209125574e-03
2.490539819071629479e-03
1.492320819112628091e-03
3.172122387053269953e-03
4.107916978309648220e-03
1.936774620633465675e-03
5.646814814814814579e-03
2.242322033898304888e-03
3.739436801375752278e-03
1.279872590108968892e-03
3.061587009803921292e-03
2.074311587271220059e-03
4.345738779626827537e-03
3.552946389011962748e-05
