5.031432765707574348e-03
3.999288702928869774e-03
2.231880386523896545e-03
1.138492589363557066e-02
7.359476495726496523e-03
4.351856763925729399e-03
3.673232432432432110e-03
1.063935185185185231e-04
1.267279285468910941e-03
4.858085356303836963e-03
2.620141310883944766e-03
2.805802698929734870e-03
5.810069767441860232e-03
2.996697212676593773e-03
1.126547180667433756e-02
7.031397849462365027e-03
2.247541645633518471e-03
3.388818816231583229e-03
1.239169924812029942e-02
9.288276847692934768e-03
7.695664199454615648e-03
5.059710714285714159e-03
4.970793650793651000e-03
7.854932094353107158e-03
9.059478672985780967e-03
4.533512461059189917e-03
9.563919354838707615e-03
8.084663023679416680e-03
2.276685990338163986e-03
6.726435515230069773e-03
5.110857142857142682e-03
5.172507958967102575e-03
6.530053313023609710e-03
8.665923961096373349e-03
5.292666666666666006e-03
7.299121466768525301e-03
5.660271999999999179e-03
6.376153103891926167e-03
1.497446666666666509e-02
4.418686687584043316e-03
3.176353658536584888e-03
7.768205365402403896e-03
1.174377280265339815e-02
2.689839233266347069e-03
2.125543695131683689e-03
2.258658704639412117e-03
5.989713661732588672e-03
4.794575892857142960e-03
2.771470258136924433e-03
1.967600945440220375e-03
9.050443159922927361e-03
3.732494831150930462e-03
6.863559577677224612e-03
5.870509656652360408e-03
2.323427672955974670e-03
3.768836596385541447e-03
3.522829867030344113e-03
1.326380704041720850e-02
6.870421162547858673e-03
4.496151635418091722e-03
4.687599486521180740e-03
2.192236571764014791e-03
3.272943558592760968e-03
9.808317972350230271e-03
3.015648445873526148e-03
1.218471074380165272e-03
1.372267593397045841e-02
4.816803556308213614e-03
3.222216177003989126e-03
2.953557508597630908e-03
1.310373717442777849e-02
4.469591463414633245e-03
2.650046777546777484e-03
1.327847246891651926e-03
2.725334473909324373e-03
2.138463756177924266e-03
3.862573007103393616e-03
6.328908081431215346e-03
3.829651342178340238e-03
1.322968486212717978e-03
5.481501400560223614e-03
1.755379559340862960e-03
5.629777777777776951e-03
2.066814317673377772e-03
4.266797452229299271e-03
3.410664148567830664e-03
1.692505657937277757e-03
1.731558581153708285e-03
3.563880266075387590e-03
2.629242798353909408e-03
2.732168857431748962e-03
4.815065375302663396e-03
2.667340187751452655e-03
8.798781302170283897e-03
1.285809976247030868e-02
3.435904283447911017e-03
2.634725770097670616e-03
4.381134177215189641e-03
2.571441947565543222e-03
4.273469387755100823e-03
4.720726086956521586e-03
4.129387442572740596e-03
5.132512733446519329e-03
4.067174362508614929e-03
9.622206477732792029e-03
6.210060120240479785e-03
9.807101910828022739e-03
8.406477987421383247e-03
4.337079065956575032e-03
1.206538950715421200e-02
5.175553085047247294e-03
6.176978664831382290e-03
3.348169734151328937e-03
8.886842475386777518e-03
2.681176470588235439e-03
3.663989218328840558e-03
4.327594501718212694e-03
1.710756258234518920e-02
5.815653038046564652e-03
2.248404471544715455e-03
3.763073521282476411e-03
6.339064327485379249e-03
3.362694684796043929e-03
5.063934426229507388e-03
5.158652188900378528e-03
3.884641362821279406e-03
2.419203170629953721e-03
3.766034591194968115e-03
3.391262648482181938e-03
7.361056676272813293e-03
2.131740837696334632e-03
9.115618556701029704e-03
5.458391167192428242e-03
7.218048780487804073e-03
3.029432013769362692e-03
6.447518636847710156e-03
4.374836029733274005e-03
8.423186199898527460e-04
4.878740612362795354e-03
2.284538934426229122e-03
5.028072669826223751e-03
5.388401913875597721e-03
3.143393333333333126e-03
2.276170360110803259e-03
4.843257698541328198e-03
3.904670292318150430e-03
7.798835311572698686e-03
5.606815028901733673e-03
3.083719376391981341e-03
8.049591036414564110e-03
3.346862745098038751e-03
1.680585175552665785e-03
5.689873417721518639e-03
6.059980139026812165e-03
6.885921843687374012e-03
3.838654708520178663e-03
7.595151515151513967e-03
6.640030637254901516e-03
1.723936535162949937e-02
7.092379746835441798e-03
3.900039630118889902e-03
1.049084142394821929e-02
6.511085335542668093e-03
6.274598603839441277e-03
4.401267217630853816e-03
4.420346650998824636e-03
5.316255259467040500e-03
5.107112349117919059e-03
1.115955000000000072e-02
3.327243650047036726e-03
3.888026941362915725e-03
7.174165562913907036e-03
1.713086930810171511e-03
7.681664895501238641e-03
8.108395522388059037e-03
6.050289957567184761e-03
3.122971627675459778e-03
5.881261261261260496e-03
3.518958652373660283e-03
4.290408510638297167e-03
6.925341274951705289e-03
9.309023605150214264e-03
4.397367661212704497e-03
2.860947164948453303e-03
5.101588468061050638e-03
4.342348532167394567e-03
5.958726968174204129e-03
4.938679706601466213e-03
6.274936708860758341e-03
8.053629222309503788e-03
5.231607700312173800e-03
2.395283674257043215e-03
3.769723320158102284e-03
1.820032739177882821e-03
5.399047058823529081e-03
5.203919510061241933e-03
1.474115226337448367e-03
3.031257796257796552e-03
6.369315286624203931e-03
4.718994708994708222e-03
5.480900662251654912e-03
4.982692307692307768e-03
6.383430962343095670e-03
1.663398760330578405e-03
3.076340852130325827e-03
3.852622629169391057e-03
3.142885402455661455e-03
3.503854505971769513e-03
4.994375000000000550e-03
7.569968798751948967e-03
1.967337122868386464e-03
4.873720930232557438e-03
1.427044220325834108e-03
1.255516129032258109e-03
2.025796737766624982e-03
7.777633996937212413e-03
3.307858293075684273e-03
1.759061111111110895e-03
6.382397660818712841e-03
1.317354497354497177e-03
4.289525888958202818e-03
3.929985074626865874e-03
5.078726355611601351e-03
7.545915032679737650e-03
3.422642045454544688e-03
1.263144549763033087e-02
6.446639231824415886e-04
2.013857201477225935e-03
1.036135254101640604e-02
1.508322549724418855e-03
5.312808177991581136e-04
1.745391934753058377e-03
3.271696165191740214e-03
4.085647390691114419e-03
4.168596792668957489e-03
6.113755513547574488e-03
3.487965442764578462e-03
1.371124173401910222e-04
2.227843270099367536e-03
1.494661404237640316e-03
3.768950359172295336e-05
1.477705999205403261e-03
5.136381957773512169e-03
2.189303740648379081e-03
2.689771947032858906e-03
9.156300056401578749e-03
3.866346573548669167e-03
3.768050586057987948e-03
1.313268449559918619e-03
2.262522030313711494e-03
6.919641089108910167e-03
4.006275882181394021e-03
2.674842767295597043e-03
3.129228187919462500e-03
1.033474842767295385e-02
2.771591331269349957e-03
7.461063444108760601e-03
6.086773234200744051e-03
3.229084561675717342e-03
4.325774818401937477e-03
8.266809933142309913e-03
3.553006535947712038e-03
3.969557834027555646e-03
2.306284289276807828e-03
4.618703308431162599e-03
9.562882591093117141e-03
4.678782608695651428e-03
7.114540540540540206e-03
8.255636025998141364e-03
9.827446540880503678e-03
3.269427767354596628e-03
8.662195121951219226e-03
1.176660095579450289e-02
2.846182741116750920e-03
1.244402959590210425e-02
9.487422222222222090e-03
7.767592307692307643e-03
2.791551724137930623e-02
1.083988864142538741e-02
4.482344146685472014e-03
5.350907227063043947e-03
4.221313755795981330e-03
3.901789316398953603e-03
2.591541415249588344e-03
1.051897891231964519e-03
2.635531914893616580e-03
1.204798723986024540e-03
5.337764121338912059e-03
1.449800238521168749e-03
3.917177879133409285e-03
2.602437275985662948e-02
1.400298980747451821e-02
8.350865644724977249e-03
2.232446498054474308e-03
2.684623860182370775e-03
2.843417968749999917e-03
1.960797302657675198e-03
2.291932367149758509e-03
3.038440366972477037e-03
3.244996237772761107e-03
4.479205729166666275e-03
2.024824787901143355e-03
1.940880503144653841e-03
2.715099540581929378e-03
4.239448860625331245e-03
3.104768408551068781e-03
2.975681639085894434e-03
3.218612361850183966e-03
2.439150726855393754e-03
4.094076607387140895e-03
3.183084066471163296e-03
3.974292091836735194e-03
3.409081779053084633e-03
2.202027681660899665e-03
1.984516765285995570e-03
4.397701934015926621e-03
3.779354838709676756e-03
9.947498361372077158e-04
1.277197220383851674e-03
1.809630274032187789e-03
4.012869088811994722e-03
2.778343971019492636e-03
3.588469622331690468e-03
1.442652719665271817e-03
2.564734328358208616e-03
1.254533854166666601e-02
1.326606356968215022e-02
4.059979231568016517e-03
6.805608974358974030e-03
5.576344778254648665e-03
6.002339943342776055e-03
3.616533203125000227e-03
4.185067024128686676e-03
5.107521716913642450e-03
4.079237288135592956e-03
1.584418803418803255e-03
4.581624917600527098e-03
5.648744610702510077e-03
2.698570872274142635e-03
1.387487046632124342e-03
3.219353202282814949e-03
2.830005825808330593e-03
3.978111044055522572e-03
5.984604105571847410e-03
2.720750521195274517e-03
3.802402736212056461e-03
5.552894625476090251e-03
4.084041133963312725e-03
2.630599657338663494e-03
7.768849754792687967e-03
1.102802966101694773e-02
6.266363128491619743e-03
6.153155672823218576e-03
5.859672424061941609e-03
5.066721105527638436e-03
1.133124588815789292e-02
9.008123393316195410e-03
6.838110236220472544e-03
2.870894259818730469e-03
5.162397425583265670e-03
7.040036014405760822e-03
5.896430568499533287e-03
6.468232432432430984e-03
4.759660957707094811e-03
5.893184428844925812e-03
5.366266595857673710e-03
5.220216393442621977e-03
2.145249512127125543e-03
3.815745775165319681e-03
8.930107484076433080e-03
1.657091472868217272e-02
4.995770944741532472e-03
1.072385786802030477e-02
2.859439370877726611e-03
1.136658865886588585e-02
5.812800908402725349e-03
9.980985432733503054e-03
3.670328440366972533e-03
3.082429805615550644e-03
2.252095879556260255e-03
2.027086161879895331e-03
4.423515862668404852e-03
2.648268645357686191e-03
2.775838709677418917e-03
5.202881751824817158e-03
4.337967032967032614e-03
2.036152125279641536e-03
3.601194251734390547e-03
4.620971177944861730e-03
1.352529495044832268e-03
4.534414359598417515e-03
5.356351918465227131e-03
2.250607875158773096e-03
1.845067168863778577e-03
5.907063666300766888e-03
1.903124010554089682e-03
2.408066157760814334e-03
2.747509957599896923e-03
2.085792589497144182e-03
6.232442772028848332e-03
6.534479732553279477e-03
2.084741270509045050e-03
2.227069295277328120e-03
6.089255150554674645e-03
2.292372299616393747e-03
1.404796067490367934e-03
2.074311587271220059e-03
2.073589953589953343e-03
3.173324733956788078e-03
5.079621669626998258e-03
2.009819277108433784e-03
3.091261904761904381e-03
2.011265217783388907e-03
7.496666666666667103e-03
6.022683649289099078e-03
3.730499379044382221e-03
3.344569490346146860e-03
3.781894536558847320e-03
3.761712997746055435e-03
2.725411007862758687e-03
2.856672524897480719e-03
3.785801228364042183e-03
7.612521980564553731e-03
2.495906183368869560e-03
3.872092612230470035e-03
3.082475696694750820e-03
2.292729555236728417e-03
3.118318042813455170e-03
3.341183026146592010e-03
5.736132231404957385e-03
3.237063432835820664e-03
4.407154411764705598e-03
2.611136468952733863e-03
2.469247923043288006e-03
2.352200079713032653e-03
1.081492694805194672e-02
6.900710553814000739e-03
5.918608490566037994e-03
2.879963991769547271e-03
5.372953231739358362e-03
4.901502384737678637e-03
5.143873794916738532e-03
4.333964978111319415e-03
4.549844067796610277e-03
4.685168100078185294e-03
1.899071494893221678e-03
2.732726901062960349e-03
2.997895626055941017e-03
4.277141555285540568e-03
4.201052249637154956e-03
1.750428921568627453e-03
1.833187482164938629e-03
2.390788939624555708e-03
2.230977835723598271e-03
1.241027504911591112e-02
3.151703637976929588e-03
3.066621839698762623e-03
3.276826779492284132e-03
3.310519713261648577e-03
2.307045769764216100e-03
4.934443181818181333e-03
3.621173080880839452e-03
2.557936969696969660e-03
1.167905282331511800e-02
5.991154013487055494e-03
5.076512378902044327e-03
1.914062992125983853e-02
1.197883720930232460e-02
9.982047584715209813e-04
9.507616707616707618e-04
3.947776617954070789e-03
6.693614303959130943e-03
3.156914329037149337e-03
4.305885471898196482e-03
6.451386449184441305e-03
2.429169873556899246e-03
5.824112458654905934e-03
1.148875087719298041e-02
4.394860834990059299e-03
3.312298306319431604e-03
1.897861010830324737e-03
1.269639361154044311e-03
3.414867579908675583e-03
1.250766409266409161e-02
8.057523640661937159e-03
8.198962597035992436e-03
1.423581920903954634e-02
1.912610316967060155e-03
3.641890000000000058e-03
3.639823492330320973e-03
3.064400270845424323e-03
2.546492431886982800e-03
4.689791870714984934e-03
2.864764587525150605e-03
7.223689581095595405e-03
4.858228493709622689e-03
5.759743589743589361e-03
7.631847070506453737e-03
7.763618233618233173e-03
6.581019354838709215e-03
5.901272371364653380e-03
2.889236947791164016e-03
7.346226415094339081e-03
5.491012306470820920e-03
1.175584093872229265e-02
1.205809226932668191e-02
9.789890610756607492e-03
7.943796212804327475e-03
8.017326283987914748e-03
4.278900588417466205e-03
3.326980685849428680e-03
2.692274493761505350e-03
3.790109589041095253e-03
2.700166799046862468e-03
6.260426808936311524e-03
5.967068965517240663e-03
2.618002567394094732e-03
4.611471354166665412e-03
1.472803594914511060e-03
1.144827586206896564e-03
2.292432149097262378e-03
2.932557971014492469e-03
2.487389904347002238e-03
4.265511527377521470e-03
3.677587412587412109e-03
5.550916736753574304e-03
8.672078882497945979e-03
1.161963251670378519e-02
1.416131944444444166e-02
4.148056918547595416e-03
1.053938547486033429e-03
4.630390697674418091e-03
6.091025290498973746e-03
2.858057636887607975e-03
7.075049146404551598e-03
3.471229536746777821e-03
6.683485010706638127e-03
2.575519253208868008e-03
3.414006342494714692e-03
2.162076578816509234e-02
2.224019483269800736e-03
1.095395325708602759e-03
3.728164228953126814e-03
2.007062737642585463e-03
2.356076667318599601e-03
4.459956933677863486e-03
5.921506105834463581e-03
7.876278935185184946e-03
4.630018050541515919e-03
2.455238467552775354e-03
8.775436986962818070e-03
1.687784946236559058e-03
1.105795346062052494e-02
8.202048500319081281e-03
1.849657333890513972e-03
7.234553961322519322e-03
5.833055009823182382e-03
7.675527426160337618e-03
1.405238726790450799e-03
4.262241379310344365e-04
6.759875776397514247e-04
3.088493031358884987e-03
2.758472118959107416e-03
5.853772321428571401e-03
4.657045735475895745e-03
6.720254506892894136e-03
3.665123367198838342e-03
4.147943159922928488e-03
7.580565052231718129e-03
2.374015189873417489e-03
4.318570362075400786e-03
7.843341384863122476e-03
5.733387622149836368e-03
6.622893772893772776e-03
5.882491730981256536e-03
1.097004237288135356e-02
1.229141203703703646e-02
1.441661684782608727e-02
2.994704505558806133e-03
7.694514796971781492e-03
4.795439121756487136e-03
1.020748262548262439e-02
2.703225524475524281e-03
6.925609756097560535e-03
8.736984924623115642e-03
5.443433835845895227e-03
3.643048469387755086e-03
6.168589243959470177e-04
1.153841081994927929e-02
4.105977653631284752e-03
4.638464000000000129e-03
5.189950495049505327e-03
4.821831858407080174e-03
8.463515868077161816e-03
1.223713389121338854e-02
5.371008403361344358e-03
6.326156351791530248e-03
5.190201484623542007e-03
4.580179434092477436e-03
4.320602240896358193e-03
8.863986121819582981e-03
5.481317073170731066e-03
1.149190735694822704e-02
1.207530694668820619e-02
7.998527349228611374e-03
6.366435207823961315e-03
2.726568501920614406e-03
7.371659388646287919e-03
5.745614446529080654e-03
5.999896661367250250e-03
2.154732110751528089e-03
4.495119418483904325e-03
6.357987492893689245e-03
2.655209102091020488e-03
8.187029467680607964e-03
8.514762931034482521e-03
3.850841750841751000e-03
5.451267605633801881e-03
5.713776106934000988e-03
4.669544875875238088e-03
3.756706408345752458e-03
4.902050413844996277e-03
5.254995169082125189e-03
7.110950950950951227e-03
6.481725559481741998e-03
4.934169453734670897e-03
3.759651452282157177e-03
6.576358803986711438e-03
1.134098888888888934e-02
7.913414496036238685e-03
8.593235772357724067e-03
5.086307692307692058e-03
8.425684210526315906e-04
1.221060171919770808e-02
1.462699564586356863e-04
1.830709948622138983e-03
1.684495183044315905e-02
9.481207482993195962e-03
5.957745940783189600e-03
1.178054794520547871e-03
3.672582278481012312e-03
1.279389880952380839e-03
1.249786476868327070e-02
2.415000000000000046e-03
4.911826215022091491e-03
6.387485029940118998e-03
3.868502715283165388e-03
7.340824324324323608e-03
1.378517676767676559e-02
2.234496951219511890e-03
7.759320276497696373e-03
1.694285714285714145e-03
3.459818594104308205e-03
7.177652303120354849e-03
5.402129963898916719e-03
6.630250990752971710e-03
5.015733855185909584e-03
6.815010266940450465e-03
3.362871736662882954e-03
6.814862888482632608e-03
8.478804695837779265e-03
3.692926829268292077e-03
7.508231173380034915e-03
3.244784876140808464e-03
1.242614197530864106e-02
5.318026315789472699e-03
9.055693430656933801e-03
5.289295874822189797e-03
4.317625088090203817e-03
7.008181818181817915e-03
3.330309973045821915e-03
5.623484320557491783e-03
5.381714731098986154e-03
5.627348484848484177e-03
7.514265536723163316e-03
1.067747761194029650e-02
8.413353293413174117e-03
8.101010309278349961e-03
3.703460076045626825e-03
4.822113821138210646e-03
1.089827560795873264e-02
1.099082692307692261e-02
1.425087358684481000e-03
1.998363811357073937e-03
3.447760577915376379e-03
8.807497612225404990e-03
3.693985411140583274e-03
1.122498212157330144e-02
6.880547945205478869e-03
7.410045011252813438e-03
8.845295629820049826e-03
7.695915492957746892e-03
6.378872329855936676e-03
4.716065835730264694e-03
1.408061255742725816e-02
2.466752655538694515e-03
2.971472835314091076e-03
9.035285714285712713e-03
9.424180154820547758e-03
1.977664413030116690e-03
9.367723076923076958e-03
1.003604352126607341e-02
8.740544891640866440e-03
1.490968342644320103e-03
2.162508650519030622e-03
1.639470628887353077e-03
9.387544080604532867e-03
3.972868391451068668e-03
5.688896899783704719e-03
6.124546341463413777e-03
2.727503607503607361e-03
7.264361132364192085e-03
7.497483870967741604e-03
3.978937480265234798e-03
4.643090563647878262e-03
2.199598070739549726e-03
1.220414399330263522e-02
5.794252873563218026e-03
2.943225934765313599e-03
3.689404990403071048e-03
2.071131872080488913e-03
7.395348047538200312e-03
2.603266613290632168e-03
6.625516014234875562e-04
1.630199680511181838e-03
2.422568181818181548e-03
5.270245143385753582e-03
1.015160087719298165e-02
5.750535415504739317e-03
4.742274966412897072e-03
2.241494736842105252e-03
3.133666666666666545e-03
2.138668763102725360e-03
4.860957274202271083e-03
2.533742047426257651e-03
3.643420289855072314e-03
6.107883548983363692e-03
4.917929984779299477e-03
2.880134328358209019e-03
2.665619891008174508e-03
9.115094339622639708e-03
8.847484536082474496e-03
3.595345581802274551e-03
7.659930417495029557e-03
4.666749034749034797e-03
4.655944954128439853e-03
9.441369230769231652e-03
8.782652439024388191e-03
3.615909090909090635e-03
4.161107711138310392e-03
7.631172932330827427e-03
7.280914027149320428e-03
2.533521790341578157e-03
3.715319488817891459e-03
2.096725663716813952e-03
4.830789473684210175e-03
3.422735177865612530e-03
3.657517605633802110e-03
1.645275938189845336e-03
4.205020632737276054e-03
2.189551282051281720e-03
2.736987048398090844e-03
1.505142979086640867e-03
4.430628881987577414e-03
3.082550111358574579e-03
1.551715555555555504e-03
6.507950680272107935e-03
5.549934768427917942e-03
7.849544513457555953e-03
9.004999999999999116e-03
2.560372549019607549e-03
8.700191780821917020e-03
6.570909090909089929e-03
3.001258134490238094e-03
5.082503192848020906e-03
6.019584295612008529e-03
5.472278731836194635e-03
1.800534351145037862e-03
6.416230088495573913e-03
4.431263307310149072e-03
4.235824999999999486e-03
4.248947368421051793e-03
6.855129068462400416e-03
2.150585480093676616e-03
1.088956070774862658e-02
1.237308564231737879e-02
3.530560311284046578e-03
8.342600652883568751e-03
3.684111048794166954e-03
4.437248243559718808e-03
2.096726688102893386e-03
3.777032967032966770e-03
2.275698644421272031e-03
1.719700598802395043e-03
6.420267249757045241e-03
5.162575941676792075e-03
2.141383783783783711e-03
4.759061413673233015e-03
1.393929115853658265e-02
2.338658973338638824e-03
2.259274353876739461e-03
6.510016949152541699e-03
1.563831932773109088e-03
6.853920863309352282e-03
2.364863387978141836e-03
1.257142857142857281e-03
2.445939933259176809e-03
4.496757197175447508e-03
1.913001172332942515e-03
1.846666666666666595e-03
3.840007137758743097e-03
2.092439218812275348e-03
2.047846519928613919e-03
6.336750241080038246e-03
2.602252681764004403e-03
2.412760914760914491e-03
2.244648241206030105e-03
3.774818638392856470e-03
1.326180851063829807e-03
6.466269368295589955e-04
2.895567206863679764e-03
2.611205673758864795e-03
2.602969602494154076e-03
1.482626953124999841e-03
3.308456004427227232e-03
1.925682903533906289e-03
1.352116741500962189e-03
8.888931913520489812e-04
4.009178498985800990e-03
1.367569818716315565e-03
5.694252767527675438e-03
8.616111518708731432e-03
4.281207324643078460e-03
2.552106045589692777e-03
3.204849849849849414e-03
2.484068224889450244e-03
2.603494860499265626e-03
1.637192816635160740e-03
1.932251346499102261e-03
1.764150805270864016e-03
4.450104022191400492e-03
1.955059132720105182e-03
2.016567164179104265e-03
2.880252707581226930e-03
3.306454010529575813e-03
2.241960869565217448e-03
1.047387836490528421e-03
7.321118644067795347e-03
2.160678111587982422e-03
1.072556917688266206e-03
2.826397637795275385e-03
1.681495041952707666e-03
2.183220436280137490e-03
5.169261869436201501e-03
1.461621621621621552e-03
1.431997893258426819e-03
3.607296925195043694e-04
3.559503372164316178e-03
1.778630653266331449e-03
3.312808613891415985e-03
3.529965208747514425e-03
7.607415990730011669e-04
1.733372946522194775e-03
2.190251872021783605e-03
6.268377321603127265e-04
3.272244784422809367e-03
9.405473453749314729e-04
5.983372340425532204e-03
1.779700722394220776e-03
2.391835829173599715e-03
1.021601685985247575e-03
2.550252923579004322e-03
3.891005154639175061e-03
1.639691241335853623e-03
1.599668599834299688e-03
4.507433121019106988e-03
2.440331681280975655e-03
2.753410032213529125e-03
6.581181229773461726e-03
9.210826446280989677e-03
3.277789115646258331e-03
2.684012178619756082e-03
8.405429472025216509e-03
9.508970297029701452e-03
4.185760054533060534e-03
7.585139318885448720e-03
5.252784679089026257e-03
7.827734806629833494e-03
4.557226061204342968e-03
5.762615176151761158e-03
1.183589375448671800e-03
8.389554419284149522e-03
2.029470198675496426e-03
6.855018796992479874e-03
4.002197674418604169e-03
8.666338246702869064e-03
3.128064516129032153e-03
7.246470085470085518e-03
6.779714525608731071e-03
3.326563275434242951e-03
7.792194148936169504e-03
5.060421607378129405e-03
4.739371381306864590e-03
4.786155958264689224e-03
5.209602780536245689e-03
3.589213036565976761e-03
1.975724437425976834e-03
3.496350364963503494e-03
2.445402509947964230e-03
3.160206728820429394e-03
2.872503438789545706e-03
2.236369756602796244e-03
5.584244663382594009e-03
7.104646697388633005e-03
6.026866096866096388e-03
6.802120060790272163e-03
7.282213991769547617e-03
8.998165722379602993e-03
3.948347964884278000e-03
3.393116740088105224e-03
6.839978118161924719e-03
2.930932439977665654e-03
4.114135220125786190e-03
5.016619190404797771e-03
5.089994472084023378e-03
3.146838521400777914e-03
8.292224061810153299e-03
2.498732450862414280e-03
4.359023709902371327e-03
2.182146026623638449e-03
2.350092807424594005e-03
4.426719424460431179e-03
2.806435524242143105e-03
7.268063583815028393e-04
1.003679787704555605e-03
1.904074860631802327e-03
5.786920551543006663e-03
2.321750950014615615e-03
1.315621274644658252e-03
4.408412017167381673e-03
2.635695322376737683e-03
3.237693905817174127e-03
1.252346600331674881e-03
3.789796587926508916e-03
3.529713193116634090e-03
3.240806451612903046e-03
1.476103640537881293e-03
2.983417023882424610e-03
2.913813169984685522e-03
4.043437499999999289e-03
5.479972020145494269e-03
3.560080906148867068e-03
4.088214285714285301e-03
1.074674777725783802e-03
7.534528629265471083e-04
1.002187500000000040e-03
9.031335034013605878e-03
6.242222222222221922e-04
2.402727596017069367e-03
2.508646616541353354e-03
4.601264630316870621e-03
1.052839506172839395e-03
1.092007891770011181e-02
7.237619518628420848e-04
5.276101449275361760e-03
3.603678242381289434e-03
4.055994065281898209e-03
9.162405247813410619e-03
6.659999999999999254e-04
1.828429517502364867e-03
8.696640211640210838e-03
7.647542186353631539e-04
1.916907993966817086e-03
1.462707390648567037e-03
1.731696113074204964e-03
1.359478979518505054e-03
5.111398104265403239e-03
4.292291350531107774e-03
5.137496012759170533e-03
4.220723894939141033e-03
1.709257871064467568e-03
3.831845688350982940e-03
2.560233739837398242e-03
2.697924050632911040e-03
3.464929920780011972e-03
2.761227316141355928e-03
3.921604538087520263e-03
7.868925463488459990e-03
6.508080657206869943e-03
3.340340189873417572e-03
5.283124999999999627e-03
7.115173343605545736e-03
2.783420048560527119e-03
1.814726587052168391e-03
3.870954198473282315e-03
6.274381188118811209e-03
4.199786566227244403e-03
2.542004773269689651e-03
5.840617075232460223e-04
1.820323496027241627e-03
2.461092133750300559e-03
2.911737392373923462e-03
1.215267489711934108e-03
6.694265734265734610e-04
6.052730528200538085e-04
4.093782467532467405e-03
5.422442420996250638e-04
7.460121168923734922e-04
6.778674084376447827e-04
1.312682813227759567e-03
8.980874722016307654e-04
1.510364158220468128e-03
2.864116331096196785e-03
6.378461538461537711e-04
6.371459810874703644e-03
5.269670602858917688e-04
6.040192225544638305e-03
2.258485193621867851e-03
1.707054125998225258e-03
1.765839141343741132e-03
1.444864010989010961e-02
3.502328919860627204e-03
2.641753926701570672e-03
1.183690715722908937e-03
1.832994402985074680e-03
2.369513969732246934e-03
4.285294731351069371e-03
3.898969265367316188e-03
3.682385368366821246e-03
1.452018867924528269e-03
5.869333333333333173e-03
2.376563838903170828e-03
2.323305785123967043e-03
1.277088393109291221e-03
1.935356380708493215e-03
1.660507827415043901e-03
2.595072727272726767e-03
2.370343596608656591e-03
4.747212681638044406e-03
2.873828853538124006e-03
6.470922275939009968e-03
2.822056971514243055e-03
4.004713071200849926e-03
7.768422011661807458e-03
2.611393698552370076e-03
1.083352660300136282e-03
1.902243464689816217e-03
2.505189486552567013e-03
1.716521846457664743e-03
2.027808349146110328e-03
3.287100840336134276e-03
3.405454545454544846e-03
2.884472291840712525e-03
1.602804085422469653e-03
1.450107541336201084e-03
1.175888546481766890e-03
8.879174406604746928e-04
1.807652575957727561e-03
2.901954261954262093e-03
1.387067026540710676e-03
2.394589229920970203e-03
3.031250909090908545e-03
2.301266763612861473e-03
7.923054545454544934e-03
3.187540049839800247e-03
1.408117578916883795e-03
3.458087505638249466e-03
1.400525362318840415e-03
2.177035714285713991e-02
4.207403216200118756e-03
4.990337972166997149e-03
1.678984899328858898e-03
3.263696498054474357e-03
3.721596638655461607e-03
1.991280530355896573e-03
4.488587997982853954e-03
3.835039341917024364e-03
5.830105524518932117e-03
4.503103070175437997e-03
3.112535346273663430e-03
5.022639225181597077e-03
9.974470457079151475e-03
2.558764705882352834e-03
2.537060361216729541e-03
3.276687683900798322e-03
1.060964157706092981e-02
9.992766587677722606e-03
8.044077766699899920e-03
2.995605263157894490e-03
2.086798143851507914e-03
6.438655425853869255e-03
6.108103999999999617e-03
5.104477045219191732e-03
3.866244541484716024e-03
3.618615870153290941e-03
4.021025358324145649e-03
7.787475516866158680e-03
6.549953623188406113e-03
4.775300146412884104e-03
1.935990265818045373e-03
6.294162552221800253e-03
1.972716577540106677e-03
8.569454770755885768e-04
2.502184727778743699e-03
2.379463007159904244e-03
5.010516587677724641e-03
6.330238627889633700e-03
7.460198285101820974e-03
6.936814362108479834e-03
4.642766884531589894e-03
3.184166294143942269e-03
6.104003021148036653e-03
3.644010530934620098e-03
5.890034423407916955e-03
5.598070519098921963e-03
6.258859903381642359e-03
3.771034764826175847e-03
5.011810193321616751e-03
2.140242732147897096e-03
7.243526220614826885e-03
4.078919714165615829e-03
4.274030279300443727e-03
7.237893379191744428e-03
3.329317585301836985e-03
5.238011204481792492e-03
1.766570540493870006e-03
3.552814457831324994e-03
1.247820038910505899e-02
1.361361996825854667e-03
1.607525650202815473e-03
4.443173190984578760e-03
7.544112295295035556e-04
2.094215451055661970e-03
2.153760683760683279e-03
2.382915845764142955e-03
5.047197309417039528e-03
1.037198879551820725e-03
2.197350157728706656e-03
5.142529092319627487e-03
3.085012987012986790e-03
2.412424242424241957e-03
8.137676609105179426e-03
3.294264232008592766e-03
1.135908607863974577e-03
1.261858704793944377e-03
2.959124620060789648e-03
4.231356421356420594e-03
6.169609634551494193e-03
3.073704081632652914e-03
6.524945770065074951e-03
4.117747710241464326e-03
2.174238281249999630e-03
5.722390624999999613e-03
3.678498765432098444e-03
1.043890310786105974e-02
1.085293853073463280e-02
4.330736721873215678e-03
2.235316348195328685e-03
1.707955678670360078e-02
1.663224755700325489e-03
2.978415672913117471e-03
2.049748967270415782e-03
3.572823164426059718e-03
1.251102966841186569e-03
1.558028915662650450e-03
6.149792207792206464e-03
4.707557700377675361e-03
5.907297830374753055e-03
8.272590286425901898e-03
7.343698399326030642e-03
1.684759398496240429e-02
5.829852173913043639e-03
4.442471674360050360e-03
3.033439849624059662e-03
6.069181585677748368e-03
1.029040540540540442e-02
1.308522895125553871e-03
7.443449809402795207e-03
2.443549232497191793e-03
1.018159057437407946e-03
5.253194103194102661e-03
7.428519388954170702e-03
1.157055880441845361e-02
1.463430286241920297e-03
7.894435146443513560e-03
3.176947444204463421e-03
6.102427721088434301e-03
3.824518398268398137e-03
5.771761538461537763e-03
1.002656013456686146e-02
3.447374419586323162e-03
4.974669509594882057e-03
5.705581395348836501e-03
4.878870229007633598e-03
1.893431066749844040e-03
2.381773517076093104e-03
8.879988412514484494e-03
1.267595526561043733e-03
3.251620111731843166e-03
2.706295180722891134e-03
1.406297183942480534e-03
4.544685494223363320e-03
6.648927927927927861e-03
2.667244174265450633e-03
9.409428571428570323e-03
5.982320217096336740e-03
3.169074074074073721e-03
1.041664259927797820e-02
3.167222595830530667e-03
2.515630797773654899e-03
4.254402546523016089e-03
3.212627450980391937e-03
5.372771672771671850e-03
1.672662869348522530e-03
1.833237063778580004e-03
2.035439010017678092e-03
9.725241379310342604e-03
1.124793608521970677e-03
6.351612364243941836e-03
2.265631364562118062e-03
4.929773030707610207e-03
3.491244979919678505e-03
5.823946488294312954e-03
2.132365384615384461e-03
1.053530958439355403e-02
6.278770581778265678e-03
2.888811410459588003e-03
5.743095733610821541e-03
3.524994797086368307e-03
3.102582010582010524e-03
7.144799301919720416e-03
8.566916548797735495e-03
2.079448604492852275e-03
3.743947239863214434e-03
4.863181330472103082e-03
3.823574363188167197e-03
2.760336617405582775e-03
4.836028955532574100e-03
3.079645120405576780e-03
4.311560975609755181e-03
9.634150612959718968e-04
5.919647239263803318e-03
4.162110726643598706e-04
5.358548094373864930e-03
3.426086503387180959e-03
1.540560866794136096e-03
4.086084566596194685e-03
5.036904332129963323e-03
4.525643185298621265e-03
5.303400117855038010e-03
3.277256586483390591e-03
3.927844542447629130e-03
5.648670745272524850e-03
3.264103403141360542e-03
2.149333333333332957e-03
6.368143486469477269e-03
3.191676234213547490e-03
3.254607778510216869e-03
2.161081081081080678e-03
2.891983263598326206e-03
4.655666126418152133e-03
2.863354430379746410e-03
4.011049723756906007e-04
1.026919889502762298e-03
8.698612862547289984e-04
1.467367149758453922e-03
1.773598188554960636e-03
1.996161948650427946e-03
4.488287551139684764e-03
6.806137931034482013e-04
4.690068415051311390e-03
3.481192893401014767e-03
3.603738317757009067e-03
1.776781677572873090e-03
9.146815286624202976e-05
5.914595524956970177e-03
3.013009049773755083e-03
4.997139272271015897e-03
3.907177215189873258e-03
6.555313092979126247e-03
3.078117977528090164e-03
8.397373461012311302e-03
2.553394383394383144e-03
1.583913043478260649e-03
2.201800766283524766e-03
4.533725555187271758e-03
1.464330065359476744e-03
2.856346938775509645e-03
5.309546377792823124e-03
3.490000000000000047e-03
4.588182857142856369e-03
8.039680851063829223e-03
2.176455505279034641e-03
2.653958333333333256e-03
5.980815502624141529e-03
7.957117384843980998e-03
3.715442329227323145e-03
5.559626604434071175e-03
4.816701268742790663e-03
7.743044145873319642e-03
5.693946488294313914e-03
1.228732913669064800e-02
5.911275626423690387e-03
3.604683357879233645e-03
1.458237924865831564e-02
1.621604018912529629e-02
5.055026611472501763e-03
5.518661174047373094e-03
5.064034451495919888e-03
6.189851851851851765e-03
4.886261061946902719e-03
8.162017543859648866e-03
9.775603112840466902e-03
3.103950276243093789e-03
7.654447396386820923e-03
9.955565388397246210e-03
9.722461538461537461e-03
3.646931818181817827e-03
1.171864321608040091e-02
5.303067814854682711e-03
2.877223113964687013e-03
1.808570264765784179e-03
3.249990253411305305e-03
1.301241310824230359e-03
2.136734693877550900e-04
5.588299039780521456e-03
2.135417061611374120e-03
1.501413189771197724e-03
8.551584507042253114e-04
1.276281984334203673e-02
3.880563002680965327e-04
6.240789473684209320e-04
1.413274932614555415e-03
9.315680000000000228e-04
2.213991175290814205e-03
1.088162481536189032e-02
3.660764212488350319e-04
3.226464530892448560e-03
4.103346153846153602e-03
1.947114741923505277e-03
1.001676363636363684e-02
3.039394313967861208e-03
1.631622330460846728e-03
5.470660496424063768e-03
2.476290476190475855e-03
2.765221101629169488e-03
6.403957055214723471e-03
1.960386100386100200e-03
3.373128571428571105e-03
3.833630046326935541e-03
5.029358974358973979e-03
2.048016905071521360e-03
4.186285506190823291e-03
5.541832156211051047e-03
8.937406143344709536e-04
2.763679858239810605e-03
4.840020222446915488e-03
2.664649046793760544e-03
1.883148959474260312e-03
6.970117187499999534e-03
1.950632630410654772e-03
3.883663522012578435e-03
5.112651896609600108e-03
8.851107151947061255e-04
3.111020671834625190e-03
1.867482792527040041e-03
1.137156090782769817e-03
2.908716075156575834e-03
5.215313874450219116e-04
1.023245787908820537e-03
4.739790697674418039e-03
4.213572716346153033e-03
2.372977443609022852e-03
4.054349005424954383e-03
2.589048020219039160e-03
2.934573785517873186e-03
2.076252067482632982e-03
2.766688902365069605e-03
1.018621069182389961e-02
7.938231162196678417e-03
2.638145071982280973e-03
5.958468950749464151e-03
6.022151675485008099e-03
5.065712630359211002e-03
2.401546816479400645e-03
5.263403532608694826e-03
1.549050724637681190e-03
5.148294573643409991e-03
3.842212589521296160e-03
3.290262582056892662e-03
7.860638873849485481e-04
2.825445859872610828e-03
6.812855377008652851e-04
2.921333721607454696e-03
1.915543766578249249e-03
3.630293288212069376e-03
3.046229408175717308e-03
4.314220241884150417e-03
2.671654240447343329e-03
2.701813417190775807e-03
4.542032967032966391e-03
2.840142772159428772e-03
3.923910614525140048e-03
2.584762110726643129e-03
4.151645181092695341e-03
4.366326259946949617e-03
4.097975206611570095e-03
1.987683566433566355e-03
1.328909928352098183e-03
1.431298299845440263e-03
4.661658831430489508e-03
2.782747788960048246e-03
1.602393038433647457e-03
6.354686774941994271e-03
2.281911385883564868e-03
2.201786958685913488e-03
6.417786633966891113e-03
3.973010471204187558e-03
5.870080080080079463e-03
4.053072445019404585e-03
3.779016319129645946e-03
2.059784301977231682e-03
4.808475887170154603e-03
3.032525077827740671e-03
1.874291799787007173e-03
3.001314984709479907e-03
1.691227946365561011e-03
1.161843317972350133e-03
1.623452115812917471e-03
1.052753226639132657e-02
7.490608591885440995e-03
5.113255187281055825e-03
2.959277566539923656e-03
1.196305891848264621e-02
1.207179752066115525e-02
6.807517630465443649e-03
3.467806935332708347e-03
4.504334801762114628e-03
6.848129032258063950e-03
8.093795295613475521e-03
3.459731117824773119e-03
4.434740947075208571e-03
4.220682148040638682e-03
3.650318640467339372e-03
2.415801677355697979e-03
8.817206500420286114e-03
3.229264328485885113e-03
2.668070175438596193e-03
1.551831442463533087e-03
2.593970242756460029e-03
2.534370771312584748e-03
3.858876933422998850e-03
2.682021758839528685e-03
2.767763649962602310e-03
2.182708043417756587e-03
2.595692551505546664e-03
2.754395268981304871e-03
6.830227560050567900e-03
1.636130725190839633e-03
1.413932639920752795e-03
2.159528340918493924e-03
6.718204259438528142e-03
4.466882290562035514e-03
9.656486880466471582e-04
3.266427503736920798e-03
3.715029585798816474e-03
2.430139751552794821e-03
4.446643990929704734e-03
4.023657984144960766e-03
2.195415980230642355e-03
5.404262560777957011e-03
7.011582524271843531e-03
2.779874316939890452e-03
3.067711914641374667e-03
6.367376237623761925e-03
3.927415776499588659e-03
8.295751416194601215e-04
5.279126884422109638e-03
2.338255451713395442e-03
1.769761187607573043e-03
2.525449476404188591e-03
1.585211508553654699e-03
1.290337954939341268e-03
4.261081750619322671e-03
6.994791666666665651e-03
1.221003350083751937e-02
5.861440758293838191e-03
5.502303634232121737e-03
7.249155794320798554e-03
5.674111178985950105e-03
6.129969059405939238e-03
2.908321167883210975e-03
1.096458184417441022e-02
4.706311576354679609e-03
4.516093064091307452e-03
7.388791118421052066e-03
9.676447688564475749e-03
3.530412213740457758e-03
6.980777243589743504e-03
6.392024691358024271e-03
3.276663703703703787e-03
3.486364075325929131e-03
3.962055530676219899e-03
5.761711385061638047e-03
5.019579139981701285e-03
1.893979591836734413e-03
2.070171568627451105e-03
5.308964435146442534e-03
2.975959514170040121e-03
1.646044018058690633e-02
5.428762188515708423e-03
3.361409395973154104e-03
6.474034852546916782e-03
1.007578001437814397e-02
6.596278317152103748e-03
3.030040140491720591e-03
5.675078843626805633e-03
5.518003790271635081e-03
1.066592417061611175e-02
5.950310593455352022e-03
2.147812911725954961e-03
6.019004871259567638e-03
5.307610872675249704e-03
2.744474885844748469e-03
7.121508553654742196e-03
6.018681517158338407e-03
4.896913207547169689e-03
6.808364179104476818e-03
9.579635135135135260e-03
7.445860783095089100e-03
5.249330855018586282e-03
1.451829073482428008e-03
6.152664859981933285e-03
4.288140454995053967e-03
2.668867579908675881e-03
2.470056737588652469e-03
4.457773083886541754e-03
5.945930888575458317e-03
3.044299191374662955e-03
3.039157848324514598e-03
2.564106009705113473e-03
5.089381307591048578e-03
3.058446866485013335e-03
3.560462232243517301e-03
1.909957627118644011e-03
2.415965714285713863e-03
1.126789215686274399e-03
1.491437440305634805e-03
8.588453389830507517e-03
6.558401084010840112e-03
4.218028169014084380e-03
5.431163398692809806e-03
2.422239808153476941e-03
2.121460750853242355e-03
9.179815843320665711e-04
2.969853420195439804e-03
1.942753236862147488e-03
3.608666982922201054e-03
2.087493902439024277e-03
2.308902759526938134e-03
1.004475065616797745e-02
5.504361326746648117e-03
2.976655963302752162e-03
2.856216484607745389e-03
1.955181498829039553e-03
1.794792069632494998e-03
4.387967351237493513e-03
1.666752172114191249e-03
2.622801519468186040e-03
1.518142014087188116e-03
2.355261873058144429e-03
1.533030961434003270e-03
4.658511642542479889e-03
2.182138523761374682e-03
1.707410071942445842e-03
6.033782091421415264e-03
4.327731092436974333e-03
6.156400966183575010e-04
3.997897750511247156e-03
2.527265624999999998e-03
3.976063128685396707e-03
5.748313559322033688e-03
9.155103864194771672e-04
4.310295508274231309e-03
7.920364623739331936e-03
2.766980598982859019e-03
1.585606390704429568e-03
7.318070175438595379e-03
8.187462686567163750e-03
2.590059612518628724e-03
3.891717044500419241e-03
2.842432071269487479e-03
5.750486744893524432e-03
6.575594739988045376e-03
5.556201708011385826e-03
7.800875169606511644e-03
5.103536067892502914e-03
4.542371594461813017e-03
1.014890063424947128e-02
1.115827423167848644e-03
4.473159982371088545e-04
2.549052419354838617e-03
1.158490265486725526e-02
7.951925601750545539e-03
1.216343205574912933e-02
5.511343283582088512e-03
2.713669102296450975e-03
2.969729954299958011e-03
4.660763864666898904e-03
5.980736589271415903e-03
5.165248868778280107e-03
1.709777636594663050e-03
3.319434364994664280e-03
1.829977568416330273e-03
9.817265902805213332e-04
6.358686987104336316e-03
2.117602108036890744e-03
1.030666078517864914e-03
1.099085336538461327e-02
4.197592814371257051e-03
5.623499667332002711e-03
4.713217189314750089e-03
2.483947478115881326e-03
9.621689795918366914e-03
1.903543147208121723e-03
9.506611295681061113e-03
7.218676293622141617e-03
2.489613545816732852e-03
1.449976555455365079e-02
3.045054479418885830e-03
1.810940012368583620e-03
4.440138980807412442e-03
5.951006849315067931e-03
6.982440441603718351e-03
6.069399999999999101e-03
3.096167647883374917e-03
2.647042253521126459e-03
8.391611820013430631e-03
3.493341253341252992e-03
5.209105322763306865e-03
3.477551309271054245e-03
3.484321060382915974e-03
5.315535128036770127e-03
3.524002057613168613e-03
5.157459459459457982e-03
7.882463556851310865e-03
6.778424657534245709e-03
3.349121171770971621e-03
7.225468750000000120e-03
2.027153879125589454e-03
3.064263402279442626e-03
3.149203336209376036e-03
2.357872219053051745e-03
3.853700181159419764e-03
6.711517684887459423e-03
4.807981308411214336e-03
1.782457264957264991e-03
2.943852539062500207e-03
2.353584626755358261e-03
1.945568805151442647e-03
2.077763313609467220e-03
1.825091240875912138e-03
1.048103132699753498e-02
4.772304389312977471e-03
2.263793478260869331e-03
3.360229805013927647e-03
4.351607875307628853e-03
4.537875605815831770e-03
2.541469086783890597e-03
3.739837197829303916e-03
5.047411764705881862e-03
6.981625176139032163e-03
2.031739559355474987e-03
2.467862184873949403e-03
3.178971807628523574e-03
2.843944536423840402e-03
2.463341254752851595e-03
7.100786516853931606e-03
6.726777702243370849e-03
2.929501385041550880e-03
2.102215189873417496e-03
1.828771532184950057e-03
4.257175792507204154e-03
3.276379551820727404e-03
2.592241325414191590e-03
3.117436635944700017e-03
7.785562130177513945e-03
4.047949756888167931e-03
5.765440956651718060e-03
4.043030575539567802e-03
4.758717504332755227e-03
5.587676211453744025e-03
9.083290960451975704e-03
3.190093399097491782e-03
1.989368365180467068e-03
5.784602161100195483e-03
6.976902709359605013e-03
2.458754250386398308e-03
6.918514285714286172e-03
5.216697080291970295e-03
6.478080495356036347e-03
3.216617262423713576e-03
6.136108108108108763e-03
7.874980124929016959e-03
2.525278942276684788e-03
8.574005080440304585e-03
1.593256880733944902e-03
2.334290509612450479e-03
1.478391376451077899e-03
3.593185524974515724e-03
5.734815443360203463e-03
2.604474802671523717e-03
4.392984159427694955e-03
2.467736486486486400e-03
4.728220937700706138e-03
6.950514354066985451e-03
1.975449735449735181e-03
6.186686422413791714e-03
3.169853068280034658e-03
2.766001009421265120e-03
1.826571841851494472e-03
3.368577494692144222e-03
1.029514783927217448e-03
1.982565418163160283e-03
4.060398009950248743e-03
2.711108468125594112e-03
4.931433296582138012e-03
5.193510765550239661e-03
6.537976190476190406e-03
2.966365422396856095e-03
2.212734731084776973e-03
4.291219008264462662e-03
3.132819112627986159e-03
1.140435997764113925e-03
3.624421397379912028e-03
3.394635193133046895e-03
2.009562171628721111e-03
6.865439672801635891e-04
3.930460526315789765e-03
8.502892271662763207e-03
9.585711695376246400e-03
2.486453022578295584e-03
2.541656804733727348e-03
2.251839841164791304e-03
2.346838799720865447e-03
3.688940646130728709e-03
2.082775214238628825e-03
2.057617866004962919e-03
1.950288548241658993e-03
2.080285087719298265e-03
2.869560975609756343e-03
1.010957561267184640e-02
2.287187335092348388e-03
1.957903014416775486e-03
3.950760483297796090e-03
9.706600476568703895e-03
4.731510791366906436e-03
7.676439888164025144e-03
1.052260122699386416e-02
1.290364116094986496e-02
1.007395348837209241e-03
2.204568627450980128e-03
1.309797060881735462e-02
9.162507002801119002e-03
1.100425641025640916e-02
6.622502274795266999e-03
2.883308103294746245e-03
2.346529492455417566e-03
3.386862745098039289e-03
9.247361299052772945e-04
1.664816513761467999e-03
4.369398305084744825e-03
6.767017673048600530e-03
3.304603739982190681e-03
1.856659528907922754e-03
1.112890418210693566e-03
2.742071651090342496e-02
5.573711191335739210e-03
4.300245989304812833e-03
3.462800528401584459e-03
4.388502155172413835e-03
3.857691069991954838e-03
7.420466200466199758e-03
4.776203645505970423e-03
4.908818011257035790e-03
3.409703075291622369e-03
4.846096929337772604e-05
4.966717267552182499e-03
3.919187554019014016e-03
2.439120940649496146e-03
4.044995697074009640e-03
7.144759740259738583e-03
3.566829772570640801e-03
5.610212071778140561e-03
5.921760797342192142e-03
6.397238493723848667e-03
5.186415094339622694e-03
3.959069478908188236e-03
3.556878147029204212e-03
4.792752084912811975e-03
3.079484536082473939e-03
3.453115693012599654e-03
1.814638176638176670e-03
3.201535926170072204e-03
4.089321382842509359e-03
9.006399999999999476e-03
1.003517504488330228e-02
5.005234869015356969e-03
5.866710613052075925e-03
3.290898389095414309e-03
8.743454179254784089e-04
7.812193905817174135e-03
1.971058895705521397e-02
6.002434180138568193e-03
6.438701923076922858e-03
3.379328419328419229e-03
5.381358811040339203e-03
2.301719418306244925e-03
2.645042791310072382e-03
9.149874631268435643e-03
4.715582417582416842e-03
6.640571428571427973e-03
9.627332332332330656e-03
3.064549977385797909e-03
6.700944444444443399e-03
6.858297029702970296e-03
6.467731543624160445e-03
3.030599250936329581e-03
1.667548770144189991e-03
5.234873463485176584e-03
5.877340425531914388e-03
2.648647132169576132e-03
5.770571428571427859e-03
6.889520202020200587e-03
7.336931166347992334e-03
7.184631646380524976e-03
5.668628158844765674e-03
2.499821251241310903e-03
7.599999999999999117e-03
1.945374999999999839e-03
5.483017377567139632e-03
7.114410163339382649e-03
4.996589698046180819e-03
1.242751625487646151e-02
8.427600411946447809e-03
7.753671071953009697e-03
6.893046789989117420e-03
1.061825699745546844e-02
2.219337676438653401e-03
7.246895628902764661e-03
4.218761776581426461e-03
5.868160282258064013e-03
4.921283950617283062e-03
2.984853037230568006e-03
3.189411111111111266e-03
7.413483146067414466e-04
5.598929889298892440e-04
8.850162654521795229e-04
2.715570599613152149e-03
7.318018480492813208e-04
8.489616879511381869e-04
3.169062119366626009e-04
6.934321827904715721e-04
5.246913002806361664e-04
8.812107623318384984e-04
3.658829841594276634e-03
7.994257588187038193e-04
1.266003098373353871e-03
5.739357142857142617e-04
1.133704535249214010e-03
1.349927611168562488e-03
6.412612035851472875e-04
2.168876298394711855e-03
1.560475497331392401e-03
5.996296296296295576e-03
1.896760124610591750e-03
1.551732435033686052e-03
5.216077235772357754e-03
2.298432550518841877e-03
8.160159151193634381e-04
7.529806529625151026e-04
2.726249999999999507e-03
9.858912830558274991e-04
1.519946319018404676e-03
4.149751992914082685e-03
8.796305785123966631e-03
1.486308920187793398e-02
4.856773383553043485e-03
8.083691959229897172e-04
9.414780545670223613e-03
5.783659985152189015e-03
1.364601351351351147e-02
8.738172446110588354e-03
8.839158345221111851e-03
7.936453407510429478e-03
5.859349397590360616e-03
8.910374848851269208e-03
5.991695046439628192e-03
6.401091091091090646e-03
2.563455562461155850e-03
5.655418719211822640e-03
1.446393364928909991e-02
4.040899510726382766e-03
2.318953049109551828e-03
3.434303797468354034e-03
1.221374458874458944e-03
3.037815950920245457e-03
8.058587360594795428e-04
1.011470198675496618e-03
5.553296654929576817e-03
5.684290935672513256e-03
1.838202933985329766e-03
1.319669625246548163e-02
3.232529258777633481e-03
2.078886669995006799e-03
1.560840148698884773e-03
1.056866898148148097e-02
7.806044325050370564e-04
1.543675995694294978e-02
1.842751488561579325e-03
7.006713362068965438e-03
8.187044534412955821e-03
3.943684719535782771e-03
1.257980855137204659e-02
1.802570710245128636e-03
1.638679245283019030e-03
1.000130244755244660e-02
1.668081081081080946e-03
5.079418719211822517e-03
1.311652843601895588e-02
2.024762286860581212e-02
9.174056122448977918e-03
7.576846405228757596e-03
5.936872469635627418e-03
4.441111111111110954e-03
4.378213333333333748e-03
4.472572298325723028e-04
1.130353535353535331e-03
3.660031315240083391e-03
7.717542441390459317e-04
6.473185185185185118e-04
4.807188146106133701e-03
5.117433532284318409e-03
1.122663398692810410e-03
3.213913298183948553e-03
4.099822773593265112e-04
5.122940379403794278e-03
7.128721618953602103e-03
6.054174757281552410e-03
6.595447761194028757e-03
4.843628061436280538e-03
3.264611679711017234e-03
3.411337494427105991e-03
4.189258426966291707e-03
3.958152237071469598e-03
3.505579246624022406e-03
3.193436928702011145e-03
6.170583371612309818e-03
1.063254437869822454e-03
6.325233426704015421e-03
4.105696022727272146e-03
2.733601962158373807e-03
1.024026852846401589e-02
8.702430488974111783e-03
2.482362751911049159e-03
2.125007974481658499e-03
2.446369822485206652e-02
5.530287286063568716e-03
6.796134969325152812e-03
8.368919553728712893e-03
8.635591106290672198e-03
7.859344262295082234e-03
1.061565325384997496e-02
7.053069016152715802e-03
5.599580472921433620e-03
5.858864027538725726e-03
8.513036039315616602e-03
3.534630281690140374e-03
2.886420045906656559e-02
1.090592630501535307e-02
4.911163487738418737e-03
5.758733542319748391e-03
1.125445146726862175e-02
1.424817602040816256e-02
6.215516285516285017e-03
5.935479609419872654e-03
5.616783847980996378e-03
6.543564727954971454e-03
6.770757978723404048e-03
6.835864978902952277e-03
3.417980535279805006e-03
2.304831358249772102e-03
3.089801291604570010e-03
1.770947812335265867e-02
1.230178767541183563e-02
3.084839729119638607e-03
1.191807909604519766e-03
2.549063604240282659e-03
1.467745519713261476e-02
7.883303518187239570e-04
3.571916288451840605e-03
7.837753108348133671e-03
1.245828189300411323e-03
9.357508747375786751e-03
4.188488032691184589e-03
6.848059701492536892e-03
2.916502463054186645e-03
7.839330985915491865e-03
4.718156203657933659e-03
5.813657718120803994e-03
9.142313624678662098e-03
1.375192307692307478e-02
6.122051282051281518e-03
2.590372914622178415e-03
9.269316406249998586e-03
9.305103678929765171e-03
9.728692033293698249e-03
1.913332909783989691e-02
1.529541922290388392e-02
8.966096774193549335e-03
1.221325285043594819e-02
1.072197530864197473e-02
1.420223048327137402e-02
1.857384510869565086e-03
6.886918008784772074e-03
1.279482517482517442e-02
2.906422338568934692e-03
2.044729619565217177e-02
2.950989660265878646e-03
1.449384615384615186e-03
3.252990506329113060e-03
2.691654571843250950e-04
6.484041857423151860e-04
2.607825822168087330e-03
1.062045048265999013e-03
2.937910848549946195e-03
2.677207859358841490e-03
6.499248120300751136e-03
4.740097493036211224e-03
1.981187578682333094e-03
7.677615429573348511e-04
6.705938416422287107e-04
6.233322125084061506e-04
9.150232828870779635e-04
4.088479362780592791e-03
1.590050933786077945e-03
1.707846358792184608e-03
1.035154451847365015e-03
1.327712006717044445e-03
4.609852020489470584e-03
1.212437659033078693e-02
1.042919860627177821e-03
6.487686387686386570e-04
8.591226993865030623e-04
1.329093931837074024e-03
5.727613895216400464e-03
8.922044545973729403e-04
2.299805699481865043e-03
1.418126423690204904e-03
4.388190808609656701e-04
7.971575846833578796e-04
1.309294450154162293e-02
8.746006240249609015e-03
2.026666666666666417e-04
6.697736298649722714e-04
6.527066666666666087e-03
2.678130597014925264e-03
1.423085026335590541e-03
3.946503496503495946e-03
2.314988066825775410e-03
5.334844290657439134e-03
7.024674434544208841e-04
3.649320685434516605e-03
5.336273504273503915e-04
1.293059853190287913e-02
1.086494280266920697e-03
5.562187318208259776e-04
6.431904103273397870e-04
2.890294117647058611e-03
3.927037507946599254e-03
1.387047619047619001e-02
4.306663260091977107e-03
4.616747572815533759e-03
8.941266318537859081e-03
7.918510971786833427e-03
6.205718309859153785e-03
3.621004626569728543e-03
4.041860589812332205e-03
4.612378640776699048e-04
7.199148463532024662e-04
9.817056856187291423e-04
2.493570057581573698e-03
7.172429906542055747e-04
6.507692307692306997e-04
6.649065420560747695e-04
5.826032786885246284e-04
1.253310810810810737e-03
2.381682879377431533e-03
8.632462686567163616e-04
5.183078677309008175e-03
7.929999999999999549e-03
3.402315290399051534e-03
3.428333333333333363e-04
6.377542105263157499e-03
5.834485101934134242e-03
6.578176470588234862e-03
1.184812154696132658e-02
3.237343441001977289e-03
3.573869472182596325e-03
7.069248908296943065e-03
8.739099420419081015e-04
6.778446313706085018e-03
2.075010416666666409e-03
5.400705128205128373e-03
1.616741830065359514e-02
8.257242562929062446e-03
4.772682926829268160e-03
6.894099071207430464e-03
5.221959205582393966e-03
4.136916514320535844e-03
1.137147648559970817e-02
7.394721324717285112e-03
4.254407796101948233e-03
5.825860262008732832e-03
1.265652466367712947e-02
2.887781569965869929e-03
1.230602761550716930e-03
5.880203193033381459e-03
6.557094784071788689e-04
7.708813364055299051e-03
4.639713847726110833e-03
9.391161495624501809e-03
1.142882433045846590e-03
4.300461689587425571e-03
7.635858585858585528e-04
2.147243705035971513e-03
9.660975609756097858e-04
3.213389074693422109e-03
4.688489461358313209e-03
6.263679245283019018e-03
6.565340659340658698e-03
3.206483318304778792e-03
7.385103857566764629e-03
7.852586062132661804e-03
1.022979591836734731e-02
5.086166794185156478e-03
2.797564296520423446e-03
4.838623242042931066e-03
9.299369627507162589e-03
3.497597883597883088e-03
1.941848056537102182e-03
2.339018181818181604e-03
1.375026737967914321e-03
3.281616257088846959e-03
1.911974728181016448e-03
2.083891050583657964e-03
7.186029232643118339e-03
2.088363190184048743e-02
4.026364345114345246e-03
2.601845064556434616e-03
2.697053990610328612e-03
1.833650586701434217e-03
3.347478991596638219e-03
2.795392781316347400e-03
3.555078310393924683e-03
9.323943661971830551e-04
4.035288888888888433e-03
1.075198395006687381e-03
6.581958333333333107e-04
6.578409810126581610e-03
3.816636331816590684e-03
4.956913730255163922e-03
1.758998420933904601e-03
1.606364774624373859e-03
9.042049122807016212e-03
7.453472222222221142e-04
4.548639455782312871e-04
3.090336391437308733e-03
2.357796257796257542e-03
9.299229401304089787e-04
8.419350473612990547e-04
1.672847222222222053e-03
3.718791044776119381e-03
3.488794788273615142e-03
2.214015471167369610e-03
6.896541990119972512e-04
5.608633468442385597e-03
2.725303837953091564e-03
1.763926189417518425e-03
6.680673009161379808e-03
1.261642553191489246e-03
3.242202469135802272e-03
1.716319872233629945e-03
3.852846232179225547e-03
2.777314074984634298e-03
7.283362048336921094e-03
1.695616204690831175e-03
8.463031278748849723e-03
1.498753753753753661e-03
4.558337012509197650e-03
1.957986595174262406e-03
2.478910133843212522e-03
2.197492401215805045e-03
5.060983146067415776e-03
5.830948225712622932e-03
4.891787934186471107e-03
1.269466396487672899e-03
1.249935975609755938e-03
6.591208487084870143e-03
5.458027613412227974e-03
8.952766868975364344e-04
1.280228192859771564e-03
1.254129496402877448e-03
5.097541218637992831e-03
3.995119510839354425e-03
2.359442013129102629e-03
1.706529032258064524e-03
2.220020855057351378e-03
4.421206004140787113e-03
3.400733564013840374e-03
5.065442561205272219e-03
5.314688311688311149e-03
2.474594684385381799e-03
3.766637658227847858e-03
1.364544152744629965e-03
4.777575934579439063e-03
2.657201557093425738e-03
2.561717376605814490e-03
9.128920691711388258e-03
3.360849162011172661e-03
2.122910447761193996e-03
4.706387885523756129e-03
1.963465539661898678e-03
1.793726602382302937e-03
1.421289931257581742e-03
4.888002761159686294e-03
2.926185866408518698e-03
2.805551902301550195e-03
4.064275517487508579e-03
3.207080665813059374e-03
2.100208416833667519e-03
2.307141828653707684e-03
4.122959276018098827e-03
2.073413150893196454e-03
1.590312865497075893e-03
4.538498245614034504e-03
2.704262753319356793e-03
5.830805819809737126e-03
4.056988494247123350e-03
1.187139668367346960e-03
5.452453016815034942e-03
2.775222164140093810e-03
2.804535315985129916e-03
3.392423974018305127e-03
2.540771604938271179e-03
5.922001366120217998e-03
3.514366091522880525e-03
6.680749343566955850e-03
5.220969696969696150e-03
5.431452718136134568e-03
5.964457640538400364e-03
4.676930330015714558e-03
3.150673803526448172e-03
5.213404641044234664e-03
4.695368088467614422e-03
3.072934644670050237e-03
2.861491675161399739e-03
2.451265483762972604e-03
2.086147492625368451e-03
2.695862232779097038e-03
4.229524207011685702e-03
3.474754358161647946e-03
4.222551781275890072e-03
2.878419753086419730e-03
3.939660804020099841e-03
4.639864448552064036e-03
4.077688330871491983e-03
2.565424990918997207e-03
1.782558309037900798e-03
2.290119148936170003e-03
1.616422206991089804e-03
2.536311992786293573e-03
5.620613246116107527e-03
7.041769977595219859e-03
2.895126050420167643e-03
1.493270440251572278e-03
4.206169088507264939e-03
5.526991150442477248e-03
2.294371184371184029e-03
2.675156847742922450e-03
2.344612822647793460e-03
2.988459715639810166e-03
2.436007497656982046e-03
1.515057581573896021e-03
3.154812098991750455e-03
7.378698224852070497e-04
8.596106835672249775e-04
1.084228187919462991e-03
3.568144624167459127e-03
4.701355710549259131e-03
2.688207100591716130e-03
3.640163522012578208e-03
3.067833859095688530e-03
1.368055347793567566e-03
2.517923875432525986e-03
9.206364617044228080e-04
7.389902518277821977e-03
8.105240413877053823e-03
9.529645799011532067e-03
4.670287958115183075e-03
1.287714748784440835e-03
9.176281779661015978e-03
1.284082492581602175e-02
2.402129840546696725e-03
1.883874202370100070e-03
4.934540389972144267e-03
4.832238180730101876e-03
6.334071428571428491e-03
1.683840155945418721e-03
8.925185873605946674e-03
3.258359788359787776e-03
3.349451073985679813e-03
2.201641791044776399e-03
5.350036284470246692e-03
4.911407349491790988e-03
3.377937788018433186e-03
2.427541806020066736e-03
1.229754310344827531e-02
3.088298342541435926e-03
4.372457943925232848e-03
8.914863387978141235e-03
2.104143094841930042e-03
1.477459978655282658e-03
3.190098934550988832e-03
5.296927860696517415e-03
9.396308805790107299e-03
2.308331922099914925e-03
2.559499999999999709e-03
3.915903210349784558e-03
1.323923433874709885e-02
4.312490332559937474e-03
2.820820440693858067e-03
3.985480662983425550e-03
1.678626421697287669e-03
7.956235216819972436e-03
4.010829903978051746e-03
3.876662561576354332e-03
6.229732372619659932e-03
6.104719545342228394e-04
2.433317911434236189e-03
4.505293511843460469e-03
4.607270867430441827e-03
9.666435986159169214e-04
3.493091216216216190e-03
5.476784694460307135e-03
1.687933042212517954e-03
2.399369951534733106e-03
6.854727722772276620e-03
7.190056232427365773e-03
2.771221122112210895e-03
2.558210080075364740e-03
1.861576182136602227e-03
1.432964893986791825e-03
1.689093391589295513e-03
2.490868008948545279e-03
6.973264705882351554e-03
2.413143431635388428e-03
3.435474747474747455e-03
3.782391573729863062e-03
5.720751173708919909e-04
5.000540540540539779e-04
2.227336927223719579e-03
2.888396226415094244e-03
2.638683760683760513e-03
4.610671441360787541e-03
1.459396671289874990e-03
5.058251939753536860e-03
3.478330081935232000e-03
4.564521591871295234e-03
6.813178984861977374e-04
7.448882896764252902e-04
6.775549805950839988e-04
2.049340588988476236e-03
2.197419354838709565e-03
3.630411999999999528e-03
1.033112332112331999e-02
3.041756974248926819e-03
3.753154533844188338e-03
1.355873795318953551e-02
3.818561046511627713e-03
2.267073298429319109e-03
3.923729269385925825e-03
6.912459128065395232e-03
3.051187833949855696e-03
3.741407407407407702e-03
9.841775700934580432e-04
6.240791685095090774e-03
2.633591365835504048e-03
2.958949297495418271e-03
1.144036284470246675e-02
1.361223207686622187e-03
2.010293255131964836e-03
2.677634560906515162e-03
8.576729048006510175e-03
1.252106796116504717e-02
3.050898661567877541e-03
8.154336468129571008e-04
4.266234887737477971e-03
8.628839427662956391e-03
7.940340375586853877e-03
3.122525160109789269e-03
7.038188453881884243e-03
5.865153538050733861e-03
1.672739450770261089e-03
1.798087954110898657e-03
1.359017379679144369e-03
1.835422993492407881e-03
5.687591424968474127e-03
7.060590717299577643e-03
3.708147566718994828e-03
2.956846057571964944e-03
1.447656108597284927e-02
7.056134380453751333e-03
8.796941176470587237e-03
4.449846984698469822e-03
2.928094660194174512e-03
4.338609112709832134e-03
5.642626943005180432e-03
3.761537414965986613e-03
3.254706515885837093e-03
3.467839702760084405e-03
1.654155534351144964e-03
1.648791277258567162e-03
5.613632694248233898e-03
7.768125000000000724e-03
1.005366160520607469e-02
5.110483005366725159e-03
7.919487028301886236e-03
8.802727272727271096e-03
5.835311167945438082e-03
4.295767973856209031e-03
6.042050716648291256e-03
3.264830072090627554e-03
2.170746268656716105e-03
6.149387917329093844e-03
8.786048862679023130e-03
6.353132832080199497e-04
6.514019058295962908e-03
2.162628820960698500e-03
7.574683604985617616e-03
7.376729377713458005e-03
7.843934010152283851e-03
5.712481810832658984e-03
6.978038461538460871e-03
3.460900417412045293e-03
8.091843317972349445e-03
5.523892487046631189e-03
3.949590676520750229e-03
7.860891840607208900e-03
4.208259726603574835e-03
7.493512241054613686e-03
5.249553239017125221e-03
7.147837599293909838e-04
6.341628664495113643e-03
3.764705555555555253e-03
1.992794188861985068e-03
6.274672447013487225e-03
2.406500237755586705e-03
4.830590094836669825e-03
1.249338087248321946e-02
2.309279458598725854e-03
2.704125920964500773e-03
2.044959543074726088e-03
6.472057142857142592e-03
6.416088819633813424e-04
6.229509241555131194e-04
1.775377616014558665e-03
5.253601694915253917e-03
3.368615644344400036e-03
2.121858366118954068e-03
2.845993413830954968e-03
1.468036884251395016e-03
2.188383773341918623e-03
1.665099009900989930e-03
2.172690656982502379e-03
3.478146021328957366e-03
4.192764483627204122e-03
4.317212121212121029e-03
4.767107474568774497e-03
2.711706349206349093e-03
3.714188267394270132e-03
4.639415887850466789e-03
2.694072978303747520e-03
2.354850902981940001e-03
4.244332318399303416e-03
3.788130050019237680e-03
1.608460456942003474e-03
4.292476572958500020e-03
4.224644913627638443e-03
8.234276497695851987e-03
1.432924901185770889e-03
3.975945312499999662e-03
3.238975629904997794e-03
3.025819949281487956e-03
4.609708561020035671e-03
9.141319587628864152e-03
9.855628798503972970e-03
1.163539648661960193e-03
2.979453528399311248e-03
5.071478420569330153e-03
4.765945578231291571e-03
6.543739967897270818e-03
4.415982532751092093e-03
1.787785467128027517e-03
1.694234254143646423e-03
3.771741854636591102e-04
3.198656080557707015e-03
4.537579957356076819e-04
3.410194750211684514e-03
2.894413502109704703e-03
2.185195765846192906e-03
1.442362694300518104e-03
1.281046267087276435e-03
2.108308556326395251e-03
3.300100902814657490e-03
2.659249757986446860e-03
4.465617283950616342e-03
3.437516930022573546e-03
3.550120292887028791e-03
1.404581379772270504e-03
2.324263030721435835e-03
3.482869089739465407e-03
2.615955414012738692e-03
1.225548317046688297e-03
6.113228938302536428e-03
2.338253043938591687e-03
3.302964777947932449e-03
4.755100117785629292e-03
2.490532006920414924e-03
1.661552139843279052e-03
3.670814332247556398e-03
5.264245785270629634e-03
5.985645412130637284e-03
3.267496276235612451e-03
3.731614948281614542e-03
2.968559907834101251e-03
2.626754274857504186e-03
3.195997281685355063e-03
1.649292709466811807e-04
5.671859083191850559e-04
3.546671834625322785e-03
5.197039078156311803e-03
4.234984276729559204e-03
3.442910292072322472e-03
2.995121951219511906e-03
2.262580000000000147e-03
2.232515468824369104e-03
4.592830518345952101e-03
1.713210161662817197e-03
4.826380090497737682e-03
2.310795404330534368e-03
1.508831475852752358e-03
2.171765676567656480e-03
5.182241518578351892e-03
4.352239205196789182e-03
1.047670549084858422e-03
7.621482926829266716e-03
2.188453225630389298e-03
3.157273105745212003e-03
4.136011266094420137e-03
3.894682651622002022e-03
1.561086533356927791e-03
1.631144741109069249e-03
3.215157154673283467e-03
3.831131498470947017e-03
4.243898305084745082e-03
3.807323874755381022e-03
2.325472143531633062e-03
2.815634340222575391e-03
3.526686146442076144e-03
5.254319206492334866e-03
2.005967637540452715e-03
5.068998167379351605e-03
5.231408325952169661e-03
2.246607574536663762e-03
1.368297731412485571e-03
1.327342792647532915e-03
1.576235616438356139e-03
1.632183208920836735e-03
2.707900445477435386e-03
1.385488252569750311e-03
3.214358755858542482e-03
4.217343163538874416e-03
5.241665646050214580e-03
3.466015180265654642e-03
3.097455089820358876e-03
1.111401869158878475e-03
2.075908298031397745e-03
1.409301934398654328e-03
2.174552916521131293e-03
9.352652683528684752e-04
1.631760440110027527e-03
3.896314363143631165e-03
6.151987915407854807e-03
3.948268815091373306e-03
3.970540293040292386e-03
1.656642363058515597e-03
3.803694214876032157e-03
2.759379042690814597e-03
1.627260048426149974e-03
1.285965177895533615e-03
1.570841138328529958e-03
1.676689536878216017e-03
1.409252946332911283e-03
1.343345430857993726e-03
1.906718415417558814e-03
1.472252290950744466e-03
1.559558303886925557e-03
5.569279089376053329e-03
2.172783285230267536e-03
1.123393877551020440e-03
1.728872789783889767e-03
2.955006979990693235e-03
9.069904559915163006e-03
2.189392632524708032e-03
5.398500286204922262e-03
6.195562053281350630e-03
4.302570162481535523e-03
2.944472073450650138e-03
3.086618257261410699e-03
2.174943273905996770e-03
1.075588867975262129e-03
2.400639400921658704e-03
1.596754230268607275e-03
8.241474147414741373e-04
2.373157471449251904e-03
3.056791764399270118e-03
3.004764614846987172e-03
3.738978494623655842e-03
3.255663283164157706e-03
1.895769096616672185e-03
3.727268548916611978e-03
6.826825332795482268e-04
6.387396768402154234e-04
1.062540669856459202e-03
1.089170483460559762e-03
1.168473547267996496e-03
1.717325721153846289e-03
1.005631669535283872e-03
1.221530479896238601e-03
3.309554181581516458e-03
2.056734120292298858e-03
2.359812656119899925e-03
1.617107315261789770e-03
1.161680410073545654e-03
1.600110998990918274e-03
9.601192946058090955e-04
1.788748079877111596e-03
3.712279765082755149e-04
2.492940589116325514e-03
2.269563492063491998e-03
3.220038394415357733e-03
2.697041515517936347e-03
1.526606986899563170e-03
2.343317591499409491e-03
2.055556414219474309e-03
2.748228055783428353e-03
8.027235469448584142e-04
2.507876157407407450e-03
1.313035502958579889e-03
1.710067888662593176e-03
5.082580357142856692e-03
2.032049469964664155e-03
3.942046920821114069e-03
2.719095711622125308e-03
2.990022087244616211e-03
2.405136950904392980e-03
2.013763150795791664e-03
2.385298050139275650e-03
6.621180735370274387e-04
6.562079250106518137e-03
2.738494492044063651e-03
3.452660412757973390e-03
4.112445810417340170e-03
4.818289112534309034e-03
3.727621595330739106e-03
5.064085005903187948e-03
1.319181069958847742e-03
3.515759951749094711e-03
7.185284463894966826e-03
7.347998442367600566e-03
3.630551612903225658e-03
1.175628917676556666e-03
1.879807760141093131e-03
6.980529839883551670e-03
3.129363324437666859e-03
3.803851749220643879e-03
1.693301737756714147e-03
1.661987704918032769e-03
4.320723763570566422e-03
2.671609553478712217e-03
4.250609597924772873e-03
3.443633744855966600e-03
2.479446475195822529e-03
5.486156097560975636e-03
1.874837383177569827e-03
2.263205417607223012e-03
2.864730225248821559e-03
6.836238779174146768e-03
9.110681415929203220e-03
9.392345132743363037e-03
1.131002252252252382e-03
7.692952656306468453e-04
7.916885119506553983e-04
4.079657454262359054e-03
2.521409090909090649e-03
5.015053100376840739e-03
3.360376306620209245e-03
1.985335927367055508e-03
3.500309222909384586e-03
6.569603072983353984e-03
6.350955665024629257e-03
2.022543396226414870e-03
6.450768404083825382e-03
4.643482554312046776e-03
2.341728531855955496e-03
3.629684657368101568e-03
4.440462499999998924e-03
9.629398773006133880e-03
2.841110841620178920e-03
1.400375545851528184e-03
5.518203703703703118e-03
2.894512139257901344e-03
4.162900079093066058e-03
1.748614700275365370e-03
3.707525717379533958e-03
3.772466881489437360e-03
2.772347261235955269e-03
5.092376212353241782e-03
6.411733031674207717e-03
3.643844247787610558e-03
1.069949566587864373e-02
2.910277975766215400e-03
1.600409282700421959e-02
2.191265486725663819e-02
3.482964509394571515e-03
6.147030324154757232e-03
1.288219147344801634e-02
4.261802492809203466e-03
6.538145631067960456e-03
2.870280235988200562e-03
9.051619268717352521e-03
9.552100965107645711e-03
5.159895409645554737e-03
4.742912414965985354e-03
3.586730103806228150e-03
4.341490306946688485e-03
6.803518966908797538e-03
5.118861423220973615e-03
7.585057783820529399e-03
4.694203821656051448e-03
1.632511737089201642e-03
6.702741661955906663e-03
1.559580645161290358e-03
6.312347729789589273e-03
1.462687338501291942e-03
2.885269423558896925e-03
3.269086494688922245e-03
5.487647527910685663e-03
5.676335195530726394e-03
3.587574147853032393e-03
2.693662153449387191e-03
2.217979426891991072e-03
4.850667155425219049e-03
3.184128903857929953e-03
2.816543149683080945e-03
3.692361057876580605e-03
5.260380517503804830e-03
4.563113938053096723e-03
2.166528599605522382e-03
5.276615581098338843e-03
5.617331027978622604e-03
3.317418300653593964e-03
1.045422372227579333e-02
9.347320185614849120e-03
3.657386458623572163e-03
2.184883367139959370e-03
4.332159329140460903e-03
3.152933442892358329e-03
3.942427275570847475e-03
5.158478701825557067e-03
6.153051168667086901e-03
1.131149501661129521e-02
6.049085106382978000e-03
5.917858280254776650e-03
4.496008522727272180e-03
2.186044924651691854e-03
3.529012863534675398e-03
4.405299059139784756e-03
1.938976599063962523e-03
3.603809169764559533e-03
3.150159948816378362e-03
1.106676605504587109e-02
4.210084241823587418e-03
3.668320340184266261e-03
5.052118997912316556e-03
1.945183977643223172e-03
6.340719249478803804e-03
3.158187905844155562e-03
2.983955726660250142e-03
2.840755258126194394e-03
1.771352125414531100e-03
3.363446465743506232e-03
3.016858789625359756e-03
2.535740006103142600e-03
2.209510117145899784e-03
3.570432125709296824e-03
2.484554896142432759e-03
4.750632614807872439e-03
3.760383304940374122e-03
1.830172829581993513e-03
4.052693961488128271e-03
1.853346558564774801e-03
3.551238477745588280e-03
5.639248120300751482e-03
2.513476013782136188e-03
3.300771830985915582e-03
4.327669589293954913e-03
4.679034134988362820e-03
2.460172154437573026e-03
3.193812746756908780e-03
2.595810531750128783e-03
2.787029384756657419e-03
3.778994226678820609e-03
2.107452112306481065e-03
2.680044286979627911e-03
2.848604166666666819e-03
2.715101816180516981e-03
6.779269141531322346e-03
3.647110799438990116e-03
2.891509290072101761e-03
2.939528232345569279e-03
7.380435558729024279e-03
5.930310432569974033e-03
1.680152599849284167e-02
9.370840802390097146e-03
8.498684807256233487e-03
2.140523390458545349e-03
6.363480750874960651e-03
3.372673346338003059e-03
2.053054300646646804e-03
2.867061215269934432e-03
6.374925124792013564e-03
2.302651834034876496e-03
1.252650697035146300e-03
2.726389220535562104e-03
5.796082901554403324e-03
6.079014186977082027e-03
9.002309142318567960e-04
2.585555555555555350e-03
2.942333333333333476e-04
1.140174326465927084e-03
1.874860557768924258e-03
1.576152371213089499e-03
3.577704541099827398e-03
5.115471055618615523e-03
9.763595342066958005e-03
4.841986455981940954e-03
1.372467459324155058e-02
4.558698947368419740e-03
1.054825355076275534e-02
5.902696879643387455e-03
5.051420875420874722e-03
3.014889580093312125e-03
9.086103059581320668e-03
9.996774390243903102e-03
4.713443552196504120e-03
4.366460763520678065e-03
9.946744084136722314e-03
4.297180952380952150e-03
7.390813639432815274e-03
8.355605595359943960e-03
3.726463878326996375e-03
1.109382071366405570e-02
3.611503865073787192e-03
3.624697204968944236e-03
7.877536557930258504e-03
1.017879677605066160e-02
8.605711842667805589e-03
8.747176165803107958e-03
6.224767999999999447e-03
5.666646626586505781e-03
3.282375541125540780e-03
4.214184083601284908e-03
6.568012383900928217e-03
5.651907552083333328e-03
6.666505175983436678e-03
4.682692998204666945e-03
6.803091954022988039e-03
4.178900487125956041e-03
9.888104265402843790e-03
2.306470588235294376e-03
9.992632293080054573e-03
4.174013950538997195e-03
2.082530589543937511e-03
6.730601503759398030e-03
7.992887396694214538e-03
4.534448398576512024e-03
3.952571206628690062e-03
1.305365740740740618e-02
5.646695245518316801e-03
4.606651108518086679e-03
5.131713268937467334e-03
1.959116415410385240e-03
5.498702290076335625e-03
8.181992709599027885e-03
4.052276264591439525e-03
1.249120287253141677e-02
1.093393243243243051e-02
4.099429312581063384e-03
3.460982857142856726e-03
6.268109118086696678e-03
2.048517495395948355e-03
5.185409934171154693e-03
6.074050991501415801e-03
5.090467289719626323e-03
2.639543178973717194e-03
4.080588876772082464e-03
3.273142620232172631e-03
9.110197428002173850e-04
2.117372789606640233e-03
5.504452133794694030e-03
1.771389880952380872e-03
6.151567644953470984e-03
4.776384662203286835e-03
7.008529754959158878e-03
5.642837171052630767e-03
1.444798396334478693e-02
9.695596432552952559e-03
5.840076142131979398e-03
1.192630272952853541e-03
1.532161243322000769e-03
7.432826537664131983e-03
9.034248366013070478e-03
1.898670807453416154e-02
9.299583333333331578e-03
4.695176946410514751e-03
1.791336146272855083e-03
7.797463493780421202e-03
4.536226027397259782e-03
4.328315926892950527e-03
6.899162462159434336e-03
1.086609489051094772e-02
7.017569060773480409e-03
8.758200134318334940e-03
4.921723136495644024e-03
6.172602905569007058e-03
3.312344370860927090e-03
3.744240000000000242e-03
5.701357466063347416e-03
5.851686046511627923e-03
5.080006385696040835e-03
5.626802919708028677e-03
4.450045819014891192e-03
6.861830845771143411e-03
3.575262321144673412e-03
5.255498154981549236e-03
1.647952234206471328e-02
1.349519578313252907e-02
9.234963579604576686e-03
2.054791559444158356e-03
3.619601167315174804e-03
3.545100258732212118e-03
5.006258181818181580e-03
5.304507658643325615e-03
2.157256797583081802e-03
3.228477854023705049e-03
3.070964876867177638e-03
4.256470363288718597e-03
3.899222474460839472e-03
3.519197725837017177e-03
2.436369863013698560e-03
2.149695312499999914e-03
2.140964391691394571e-03
4.892019002375296195e-03
2.980432558139534897e-03
8.797672413793103385e-03
3.976324257425742012e-03
2.517730826507818057e-03
4.066024020227559758e-03
4.486898073836275216e-03
1.887615347255949295e-03
3.119999999999999944e-03
2.898912576433647359e-03
3.201576552462526929e-03
5.171012706239331777e-03
4.572009345794392395e-03
5.318347195186692508e-03
3.007452307692307265e-03
3.991279210314262887e-03
1.545774564459930292e-02
1.944880744618964104e-03
1.688852892561983543e-03
5.811646202819462786e-03
1.974654102245796197e-03
3.437471698113207103e-03
9.866776424102732378e-04
6.330832317073169582e-03
1.296927729885057404e-02
4.136970541401273870e-03
3.480064973419964153e-03
1.942044247787610284e-03
4.618635403464300439e-03
4.143331881533100954e-03
8.303531598513011133e-03
3.527311544544016637e-03
3.599591406908171295e-03
5.490476599398883169e-03
1.986971161048689191e-02
2.184703832752613040e-03
4.774497146932952726e-03
3.087800805987334085e-03
7.087902257787938656e-03
6.903241991509069357e-03
4.987387387387387169e-03
3.297810909090908432e-03
1.868620689655172253e-03
6.917807118254877888e-03
5.120360962566844823e-03
2.157897526501766430e-03
2.313726812816188812e-03
7.978216507673163704e-03
4.281161800486617437e-03
1.912785423037716582e-03
3.929563164108618688e-03
6.159367269267364275e-03
1.040011884550084628e-02
1.227123893805309555e-02
7.000974264705882300e-03
5.395776892430278679e-03
6.552685354990829851e-04
4.187629812787000902e-03
3.511823129251700776e-03
1.802863463969658518e-03
2.470803872801563376e-03
2.178481075083219930e-03
2.736940822467401682e-03
4.400901803607214224e-03
1.722826855123674780e-03
9.864505208333334066e-03
1.801999323410013489e-03
1.228193254817986843e-03
2.425160831198405666e-03
1.489189992568739143e-03
2.864593543368339386e-03
9.175944399018805958e-03
1.168317839195979688e-02
2.660049907578557714e-03
4.524992187500000151e-03
1.609052977027660520e-03
1.893805622009568992e-02
4.861542447190115614e-03
1.192163546450017604e-02
2.671018460575719754e-03
3.678519855595667985e-03
4.919276393831553511e-03
6.232170590987056585e-03
5.506879581151832501e-03
2.875617253346554256e-03
2.126584022038567525e-03
3.161772716600140531e-03
2.875929172510518616e-03
3.285741305674191697e-03
2.167688524590163923e-03
5.057081264698197118e-03
3.889468294604174481e-03
3.461701030927835133e-03
4.919573378839589908e-03
5.902950086058520243e-03
5.780177425443563249e-03
3.989579349904397165e-03
1.907216196673897210e-03
1.469641005185480563e-03
4.836627516778524080e-03
1.661967063129002765e-03
2.634508816120906781e-03
3.985497177594441928e-03
4.953374393430383729e-03
6.415607416879794828e-03
1.535173783515392243e-03
2.817014218009478155e-03
1.904392309452964099e-03
5.204858569051579870e-03
3.332615571776155645e-03
3.082813229571984039e-03
1.861619001454192790e-03
6.480791366906473588e-03
1.879809215262778820e-03
2.930130641330165597e-03
6.558392632900793967e-03
1.131859397417503410e-02
4.611072100313478792e-03
5.653462783171520414e-03
2.534019738596958969e-03
9.898170559094124701e-03
2.492453781512605007e-03
4.435138496325607277e-03
1.823421538461538361e-03
1.438828273244781644e-02
6.778965732087226422e-03
3.943382009345793721e-03
1.416365979381443291e-03
1.308843909217230136e-02
6.969927710843372773e-03
4.477589880159786768e-03
5.781680352493490105e-03
1.813471007121057743e-03
3.736439024390243550e-03
2.289158746920098159e-03
5.925023537323470188e-03
9.342766151046405596e-04
3.741307901907356230e-03
4.445656071719640730e-03
4.194012803234501048e-03
4.071400414937758824e-03
3.362548116020601038e-03
3.427569284064664688e-03
3.472112594312246406e-03
5.643855005753739204e-03
9.078964059196616490e-03
6.961298353121409162e-03
2.559245573518090580e-03
4.858021838496697983e-03
3.546282527881040522e-03
5.850007984031935747e-03
8.986789638932495689e-03
5.169982389198708034e-03
5.723755680299385043e-03
6.760739583333333011e-03
1.190914590747330776e-02
7.928406242005628032e-03
1.419113085621970770e-02
1.656794909303686142e-02
5.920350186036331744e-03
1.002761856710393529e-02
7.671658862876253558e-03
1.084643996641477745e-02
4.397843137254901259e-03
4.805596258768510612e-03
5.343159275154982235e-03
4.415435514018690999e-03
2.936347031963469807e-03
4.345738779626827537e-03
3.841975552050473121e-03
4.405539780337529819e-03
6.416671961874502450e-03
4.882177009155645557e-03
6.593309803921567659e-03
7.889293296936608624e-05
5.522621722846440817e-03
5.059077857537272460e-03
8.069017788089712789e-03
6.417279780921953530e-03
3.868979526551502741e-03
7.093783641160949192e-03
4.372403751233958254e-03
2.878552971576227391e-03
4.564399018806213765e-03
3.194126637554584470e-03
7.703440276406712389e-03
6.540405405405404562e-03
5.120441176470588024e-03
6.001905208822148896e-03
2.762910290237466805e-03
1.289964444444444309e-02
5.646475770925109966e-03
4.747081208316987141e-03
3.654669117647058908e-03
6.101864085041761206e-03
6.702645095017974522e-03
1.058080372250422979e-02
1.554722113502935224e-02
1.107747826086956378e-02
6.768283029612755762e-03
5.183167630057803482e-03
7.585618330194600530e-03
2.782481358740679367e-03
9.049619999999999539e-03
3.840747308423052547e-03
5.465330606680299762e-03
4.648384019081693019e-03
1.119131322094054845e-02
1.072392392392392327e-02
8.527919732441470446e-03
9.634370112945263992e-03
9.386867233485937309e-03
1.512012374779021784e-02
4.271152815013404269e-03
7.681358490566037554e-03
6.202974759615384470e-03
8.824526503871350097e-03
9.239450317124734205e-03
1.972387913032796862e-03
9.758298687089715304e-03
3.466434146341463261e-03
1.281288166768853459e-02
3.132750573833205897e-03
5.059027058146228079e-03
5.136557377049180001e-03
3.795159440238586243e-03
6.868736681887366302e-03
4.014955223880596960e-03
1.154562220804084167e-02
5.105916760404948483e-03
8.224077120822620782e-03
1.587692957746478922e-02
1.251379411764705699e-02
4.158068410462776622e-03
5.294636542239685578e-03
5.389870538838347803e-03
6.435619429590018134e-03
1.401484732824427246e-02
2.087595369639568335e-03
1.144397388059701509e-02
5.188730482009504101e-05
1.254615697437983066e-04
6.165135110038071943e-03
1.204394034536891700e-03
5.539220645161289057e-03
2.162396017493253830e-03
3.672982304704358950e-03
3.410133657351154066e-03
4.012187150837988325e-03
9.426754869533258844e-04
2.780189564903411559e-03
8.095611222444889718e-03
1.260287252124645853e-02
7.761638954869358453e-03
8.309414587332052127e-03
8.806109603906674133e-03
7.002589142306456585e-03
2.836513222331047811e-03
3.641140135218192721e-03
1.257591416309012874e-02
3.778831492696829372e-03
9.387275362318838606e-03
1.035510036026762726e-02
7.302209205020919122e-03
4.698324528301886863e-03
6.363245073891625470e-03
7.641053042121683826e-03
4.045966480446927700e-03
1.012254693877550835e-02
1.037681969949916586e-02
4.955264175257731094e-03
8.187241620111730678e-03
1.069486611265004460e-02
4.331426927502875918e-03
5.845591748099890871e-03
1.338940568475452050e-02
1.005607035175879252e-02
1.482064794816414545e-02
1.135182130584192275e-02
5.774614797864225171e-03
2.944308736217132912e-03
5.984908413536169439e-03
1.491596638655462263e-03
6.487351032448377026e-03
3.462528833831695404e-03
5.208415435139572254e-04
9.678084585809158228e-05
5.433005855562784113e-03
4.535158562367864153e-03
1.494610281923714628e-04
5.924794658604182196e-03
4.675198115821556540e-03
5.725137670196670664e-03
7.472863805970148855e-03
4.403468917881811148e-03
3.409438144329896871e-03
3.071996974281391690e-03
3.305929919137465776e-03
6.807097949886104470e-03
8.150658276863504206e-03
3.831384297520661064e-03
4.416382252559726497e-05
6.189024045261668112e-03
3.261161803713527423e-03
3.498847771236332851e-03
1.664344317417619208e-03
5.630223684210526082e-03
4.444924913361570674e-03
2.223593927893738244e-03
6.958385598141695119e-03
4.373853779429988028e-03
7.306891743119265162e-03
1.878624720357941619e-02
1.372300642398286905e-02
4.589587668593448841e-03
4.744591484464901615e-03
1.174539366515837090e-02
9.983382550335569497e-03
8.291223934723479516e-03
3.943197348291687873e-03
1.492679538497762885e-03
9.811330409356723049e-04
4.263683124032341572e-03
4.297458646616541221e-03
1.111172862453531536e-02
9.914918518518518048e-03
5.782938105891125349e-03
9.526000981354268426e-03
2.436198603568657823e-03
4.643279044516829615e-03
3.634299820466786214e-03
4.645415216310292555e-03
1.090282932416953079e-02
1.405395886889460044e-02
5.303900184842882601e-03
4.617583774250439560e-03
9.931737051792828216e-03
4.025327053898482450e-03
7.084087982832616703e-03
5.176302040816325827e-03
4.391014892443463255e-03
4.451665664461815913e-03
3.321079199303742131e-03
6.545091093117409026e-03
8.474571240105539804e-03
4.317948343079921515e-03
1.287221326164874474e-02
1.289255952380952142e-02
1.053140782122904962e-02
6.469587548638132055e-03
3.565219780219779956e-03
1.117031224322103528e-02
6.133604766633564756e-03
9.842388162422572445e-03
6.397732253454024853e-03
3.924008350730688079e-03
2.321003375843960423e-03
2.669914806110458561e-03
1.634000595770032736e-03
2.626376306620208968e-03
1.016209584664536786e-02
